849971269 
849861288 
849534928 
848991845 
848232150 
847256042 
846063795 
844655713 
843032168 
841193562 
839140360 
836873091 
834392353 
831698772 
828793058 
825676000 
822348351 
818810973 
815064794 
811110747 
806949931 
802583341 
798012132 
793237458 
788260601 
783082822 
777705420 
772129874 
766357521 
760389856 
754228493 
747874959 
741330960 
734598095 
727678138 
720572889 
713284167 
705813834 
698163848 
690336138 
682332737 
674155712 
665807180 
657289299 
648604217 
639754222 
630741597 
621568596 
612237642 
602751142 
593111476 
583321163 
573382790 
563298817 
553071905 
542704666 
532199710 
521559821 
510787692 
499886135 
488857943 
477705932 
466433010 
455042029 
443535961 
431917749 
420190388 
408356861 
396420249 
384383616 
372250073 
360022744 
347704746 
335299233 
322809408 
310238517 
297589749 
284866376 
272071630 
259208859 
246281338 
233292357 
220245324 
207143558 
193990412 
180789269 
167543548 
154256621 
140931850 
127572740 
114182716 
100765159 
87323584 
73861350 
60381987 
46888916 
33385610 
19875534 
6362139 
-7151113 
-20660698 
-34163170 
-47655145 
-61133102 
-74593588 
-88033144 
-101448404 
-114835851 
-128192075 
-141513657 
-154797182 
-168039261 
-181236487 
-194385500 
-207482946 
-220525416 
-233509663 
-246432317 
-259290043 
-272079654 
-284797798 
-297441211 
-310006746 
-322491121 
-334891193 
-347203786 
-359425701 
-371553868 
-383585217 
-395516629 
-407345122 
-419067653 
-430681192 
-442182806 
-453569603 
-464838651 
-475987055 
-487012030 
-497910764 
-508680407 
-519318338 
-529821793 
-540188087 
-550414645 
-560498829 
-570438044 
-580229896 
-589871795 
-599361287 
-608696039 
-617873634 
-626891778 
-635748193 
-644440627 
-652966893 
-661324820 
-669512316 
-677527285 
-685367773 
-693031743 
-700517301 
-707822536 
-714945642 
-721884802 
-728638344 
-735204483 
-741581648 
-747768188 
-753762619 
-759563402 
-765169095 
-770578322 
-775789763 
-780802077 
-785614053 
-790224462 
-794632236 
-798836226 
-802835472 
-806628909 
-810215687 
-813594897 
-816765763 
-819727464 
-822479326 
-825020670 
-827350942 
-829469522 
-831375997 
-833069847 
-834550779 
-835818393 
-836872496 
-837712839 
-838339197 
-838751542 
-838949798 
-838933970 
-838704044 
-838260254 
-837602744 
-836731664 
-835647376 
-834350143 
-832840417 
-831118623 
-829185260 
-827040852 
-824686058 
-822121535 
-819347929 
-816366074 
-813176767 
-809780925 
-806179379 
-802373196 
-798363382 
-794151051 
-789737305 
-785123361 
-780310394 
-775299763 
-770092779 
-764690848 
-759095431 
-753307996 
-747330076 
-741163282 
-734809223 
-728269620 
-721546169 
-714640672 
-707554955 
-700290904 
-692850417 
-685235459 
-677448008 
-669490133 
-661363988 
-653071605 
-644615217 
-635997051 
-627219347 
-618284433 
-609194627 
-599952319 
-590559896 
-581019876 
-571334724 
-561506940 
-551539118 
-541433870 
-531193864 
-520821660 
-510320062 
-499691808 
-488939581 
-478066238 
-467074625 
-455967572 
-444747931 
-433418702 
-421982740 
-410443084 
-398802691 
-387064607 
-375231828 
-363307493 
-351294628 
-339196355 
-327015845 
-314756209 
-302420622 
-290012329 
-277534487 
-264990304 
-252383079 
-239716015 
-226992375 
-214215516 
-201388660 
-188515165 
-175598304 
-162641460 
-149647909 
-136621044 
-123564165 
-110480682 
-97373967 
-84247332 
-71104224 
-57947955 
-44781951 
-31609580 
-18434174 
-5259154 
7912104 
21076227 
34229818 
47369535 
60491988 
73593876 
86671804 
99722383 
112742345 
125728358 
138677095 
151585247 
164449515 
177266621 
190033272 
202746255 
215402351 
227998272 
240530870 
252996890 
265393275 
277716737 
289964276 
302132677 
314218959 
326219951 
338132632 
349954018 
361681124 
373310967 
384840585 
396267047 
407587535 
418799185 
429899126 
440884578 
451752769 
462500957 
473126451 
483626568 
493998677 
504240165 
514348489 
524321106 
534155503 
543849247 
553399836 
562804979 
572062274 
581169463 
590124245 
598924356 
607567672 
616052052 
624375356 
632535524 
640530555 
648358452 
656017296 
663505241 
670820408 
677961019 
684925279 
691711528 
698318076 
704743357 
710985797 
717043825 
722916052 
728601018 
734097375 
739403822 
744519037 
749441827 
754171009 
758705495 
763044151 
767186050 
771130164 
774875613 
778421499 
781767030 
784911481 
787854064 
790594194 
793131228 
795464640 
797593922 
799518633 
801238367 
802752803 
804061693 
805164727 
806061812 
806752781 
807237535 
807516075 
807588453 
807454728 
807115089 
806569688 
805818746 
804862616 
803701663 
802336193 
800766769 
798993864 
797018055 
794839921 
792460128 
789879401 
787098541 
784118325 
780939678 
777563484 
773990705 
770222365 
766259572 
762103417 
757755063 
753215732 
748486727 
743569297 
738464900 
733174899 
727700749 
722043971 
716206096 
710188732 
703993491 
697622132 
691076289 
684357847 
677468515 
670410248 
663184949 
655794493 
648240934 
640526268 
632652566 
624621948 
616436576 
608098625 
599610322 
590973927 
582191768 
573266140 
564199426 
554994040 
545652414 
536177002 
526570370 
516835032 
506973562 
496988569 
486882673 
476658513 
466318848 
455866316 
445303742 
434633878 
423859492 
412983437 
402008580 
390937773 
379773918 
368519951 
357178788 
345753406 
334246755 
322661853 
311001738 
299269405 
287467966 
275600451 
263669978 
251679603 
239632499 
227531709 
215380417 
203181752 
190938908 
178655008 
166333285 
153976901 
141588972 
129172754 
116731482 
104268310 
91786527 
79289293 
66779782 
54261265 
41736963 
29210063 
16683824 
4161376 
-8353981 
-20859140 
-33350792 
-45825806 
-58281002 
-70713170 
-83119125 
-95495694 
-107839765 
-120148169 
-132417779 
-144645486 
-156828177 
-168962744 
-181046087 
-193075168 
-205046935 
-216958402 
-228806466 
-240588191 
-252300547 
-263940664 
-275505508 
-286992197 
-298397880 
-309719643 
-320954602 
-332100024 
-343153105 
-354110997 
-364971019 
-375730404 
-386386497 
-396936631 
-407378120 
-417708411 
-427924935 
-438025135 
-448006546 
-457866596 
-467602935 
-477213112 
-486694743 
-496045500 
-505263098 
-514345210 
-523289670 
-532094208 
-540756739 
-549275075 
-557647161 
-565870981 
-573944494 
-581865710 
-589632798 
-597243814 
-604696906 
-611990327 
-619122300 
-626091091 
-632895025 
-639532538 
-646001998 
-652301893 
-658430692 
-664386943 
-670169302 
-675776351 
-681206879 
-686459550 
-691533139 
-696426507 
-701138490 
-705668073 
-710014180 
-714175867 
-718152168 
-721942236 
-725545209 
-728960334 
-732186863 
-735224093 
-738071471 
-740728316 
-743194141 
-745468409 
-747550732 
-749440668 
-751137913 
-752642175 
-753953258 
-755070913 
-755995030 
-756725497 
-757262285 
-757605458 
-757755000 
-757711055 
-757473816 
-757043450 
-756420201 
-755604454 
-754596499 
-753396752 
-752005720 
-750423844 
-748651746 
-746690028 
-744539280 
-742200271 
-739673663 
-736960342 
-734061125 
-730976926 
-727708585 
-724257196 
-720623736 
-716809340 
-712815056 
-708642108 
-704291688 
-699765053 
-695063551 
-690188502 
-685141252 
-679923283 
-674536058 
-668981116 
-663260003 
-657374312 
-651325737 
-645115879 
-638746516 
-632219436 
-625536422 
-618699319 
-611709999 
-604570340 
-597282350 
-589848054 
-582269422 
-574548537 
-566687491 
-558688457 
-550553535 
-542284992 
-533885027 
-525355926 
-516699995 
-507919527 
-499016911 
-489994478 
-480854675 
-471599968 
-462232852 
-452755745 
-443171260 
-433481929 
-423690262 
-413798889 
-403810456 
-393727623 
-383553013 
-373289340 
-362939323 
-352505691 
-341991171 
-331398538 
-320730630 
-309990193 
-299180032 
-288302981 
-277361953 
-266359793 
-255299312 
-244183492 
-233015161 
-221797276 
-210532703 
-199224462 
-187875409 
-176488527 
-165066800 
-153613141 
-142130501 
-130621912 
-119090338 
-107538759 
-95970123 
-84387421 
-72793655 
-61191820 
-49584876 
-37975804 
-26367618 
-14763265 
-3165704 
8422038 
19997078 
31556376 
43096997 
54616029 
66110502 
77577502 
89014124 
100417464 
111784629 
123112742 
134398931 
145640280 
156834026 
167977301 
179067286 
190101192 
201076251 
211989722 
222838828 
233620851 
244333084 
254972845 
265537451 
276024287 
286430742 
296754239 
306992151 
317141968 
327201193 
337167295 
347037803 
356810294 
366482363 
376051579 
385515657 
394872194 
404118937 
413253577 
422273950 
431177766 
439962946 
448627271 
457168647 
465585056 
473874434 
482034699 
490064009 
497960362 
505721854 
513346677 
520832914 
528178910 
535382779 
542442941 
549357628 
556125256 
562744228 
569212976 
575530057 
581693901 
587703112 
593556324 
599252203 
604789392 
610166656 
615382781 
620436592 
625326974 
630052758 
634612971 
639006573 
643232647 
647290239 
651178496 
654896560 
658443680 
661819089 
665022110 
668052145 
670908549 
673590738 
676098254 
678430578 
680587352 
682568187 
684372727 
686000713 
687451912 
688726076 
689823164 
690742993 
691485531 
692050799 
692438794 
692649649 
692683457 
692540420 
692220753 
691724659 
691052521 
690204709 
689181605 
687983650 
686611331 
685065135 
683345707 
681453696 
679389732 
677154504 
674748799 
672173421 
669429197 
666516985 
663437763 
660192436 
656782107 
653207759 
649470462 
645571419 
641511774 
637292732 
632915575 
628381552 
623692017 
618848347 
613851996 
608704321 
603406860 
597961142 
592368718 
586631196 
580750155 
574727308 
568564344 
562263036 
555825115 
549252369 
542546615 
535709811 
528743747 
521650439 
514431828 
507089846 
499626615 
492044086 
484344421 
476529696 
468601983 
460563494 
452416460 
444163060 
435805478 
427346033 
418787016 
410130707 
401379480 
392535665 
383601604 
374579738 
365472447 
356282175 
347011396 
337662575 
328238181 
318740713 
309172714 
299536681 
289835257 
280070947 
270246292 
260363944 
250426472 
240436510 
230396658 
220309613 
210177943 
200004313 
189791430 
179541925 
169258500 
158943783 
148600452 
138231292 
127838916 
117426046 
106995373 
96549539 
86091328 
75623430 
65148482 
54669259 
44188379 
33708639 
23232613 
12763038 
2302600 
-8146077 
-18580270 
-28997312 
-39394525 
-49769346 
-60119076 
-70441116 
-80732807 
-90991637 
-101214957 
-111400171 
-121544699 
-131645996 
-141701548 
-151708818 
-161665285 
-171568415 
-181415812 
-191204970 
-200933438 
-210598802 
-220198683 
-229730655 
-239192354 
-248581463 
-257895669 
-267132621 
-276290090 
-285365772 
-294357500 
-303262996 
-312080155 
-320806764 
-329440739 
-337979946 
-346422309 
-354765780 
-363008316 
-371147988 
-379182795 
-387110796 
-394930130 
-402638894 
-410235228 
-417717342 
-425083467 
-432331807 
-439460729 
-446468481 
-453353446 
-460113995 
-466748555 
-473255594 
-479633596 
-485881114 
-491996600 
-497978761 
-503826203 
-509537545 
-515111599 
-520547022 
-525842623 
-530997195 
-536009592 
-540878722 
-545603517 
-550182949 
-554616016 
-558901773 
-563039314 
-567027778 
-570866292 
-574554089 
-578090411 
-581474556 
-584705841 
-587783609 
-590707309 
-593476362 
-596090280 
-598548560 
-600850813 
-602996609 
-604985625 
-606817563 
-608492109 
-610009102 
-611368319 
-612569611 
-613612902 
-614498088 
-615225188 
-615794204 
-616205210 
-616458282 
-616553607 
-616491318 
-616271688 
-615894961 
-615361391 
-614671413 
-613825354 
-612823641 
-611666751 
-610355156 
-608889425 
-607270149 
-605497983 
-603573502 
-601497466 
-599270553 
-596893586 
-594367359 
-591692720 
-588870572 
-585901802 
-582787391 
-579528304 
-576125637 
-572580398 
-568893755 
-565066804 
-561100674 
-556996622 
-552755930 
-548379823 
-543869621 
-539226614 
-534452244 
-529547875 
-524514970 
-519354945 
-514069381 
-508659787 
-503127679 
-497474644 
-491702356 
-485812413 
-479806515 
-473686321 
-467453645 
-461110146 
-454657673 
-448098014 
-441432971 
-434664457 
-427794312 
-420824501 
-413756858 
-406593407 
-399336107 
-391986932 
-384547941 
-377021123 
-369408550 
-361712292 
-353934513 
-346077247 
-338142629 
-330132784 
-322049918 
-313896214 
-305673862 
-297385039 
-289031985 
-280616934 
-272142154 
-263609914 
-255022487 
-246382122 
-237691126 
-228951805 
-220166508 
-211337480 
-202467122 
-193557741 
-184611688 
-175631326 
-166618997 
-157577054 
-148507868 
-139413841 
-130297274 
-121160589 
-112006187 
-102836404 
-93653592 
-84460183 
-75258578 
-66051073 
-56840114 
-47628001 
-38417179 
-29209952 
-20008708 
-10815764 
-1633517 
7535742 
16689568 
25825732 
34941900 
44035707 
53104908 
62147213 
71160249 
80141872 
89089766 
98001646 
106875315 
115708499 
124499030 
133244758 
141943432 
150592856 
159191002 
167735613 
176224612 
184655953 
193027529 
201337264 
209583101 
217763034 
225875060 
233917190 
241887477 
249783980 
257604755 
265347959 
273011669 
280594025 
288093230 
295507473 
302835007 
310074077 
317222929 
324279893 
331243260 
338111374 
344882660 
351555477 
358128288 
364599539 
370967756 
377231440 
383389168 
389439480 
395380996 
401212330 
406932187 
412539257 
418032271 
423410019 
428671267 
433814847 
438839634 
443744512 
448528417 
453190289 
457729157 
462143977 
466433837 
470597827 
474635088 
478544777 
482326040 
485978168 
489500408 
492892060 
496152413 
499280846 
502276824 
505139744 
507869080 
510464336 
512925035 
515250818 
517441221 
519495931 
521414634 
523197055 
524842942 
526352147 
527724420 
528959646 
530057725 
531018621 
531842260 
532528653 
533077897 
533489985 
533765095 
533903365 
533904991 
533770133 
533499110 
533092196 
532549623 
531871882 
531059263 
530112236 
529031283 
527816870 
526469499 
524989773 
523378285 
521635600 
519762466 
517759520 
515627500 
513367138 
510979273 
508464684 
505824249 
503058834 
500169389 
497156838 
494022108 
490766299 
487390379 
483895415 
480282553 
476552863 
472707527 
468747679 
464674572 
460489413 
456193423 
451787964 
447274312 
442653806 
437927813 
433097748 
428165028 
423131036 
417997272 
412765192 
407436351 
402012219 
396494409 
390884481 
385184034 
379394621 
373517967 
367555693 
361509472 
355380979 
349171945 
342884119 
336519263 
330079113 
323565402 
316979996 
310324699 
303601387 
296811839 
289957902 
283041477 
276064446 
269028701 
261936133 
254788674 
247588273 
240336883 
233036356 
225688797 
218296068 
210860171 
203383116 
195866905 
188313499 
180724929 
173103205 
165450328 
157768334 
150059255 
142325090 
134567883 
126789694 
118992507 
111178382 
103349397 
95507546 
87654910 
79793460 
71925255 
64052394 
56176875 
48300680 
40425898 
32554519 
24688559 
16830006 
8980936 
1143310 
-6680877 
-14489637 
-22280946 
-30052904 
-37803493 
-45530807 
-53232857 
-60907707 
-68553443 
-76168142 
-83749908 
-91296821 
-98807021 
-106278665 
-113709905 
-121098850 
-128443702 
-135742706 
-142994009 
-150195788 
-157346362 
-164443891 
-171486741 
-178473145 
-185401417 
-192269863 
-199076824 
-205820721 
-212499886 
-219112723 
-225657635 
-232133049 
-238537406 
-244869297 
-251127139 
-257309443 
-263414812 
-269441782 
-275388940 
-281254875 
-287038303 
-292737784 
-298352107 
-303879899 
-309319959 
-314671021 
-319931842 
-325101303 
-330178148 
-335161281 
-340049595 
-344842072 
-349537570 
-354135049 
-358633537 
-363032069 
-367329669 
-371525407 
-375618447 
-379607908 
-383492957 
-387272768 
-390946532 
-394513567 
-397973095 
-401324484 
-404566987 
-407700041 
-410722976 
-413635292 
-416436413 
-419125837 
-421703034 
-424167593 
-426519095 
-428757062 
-430881268 
-432891261 
-434786789 
-436567571 
-438233364 
-439783955 
-441219145 
-442538784 
-443742800 
-444831041 
-445803436 
-446660036 
-447400728 
-448025638 
-448534723 
-448928149 
-449206013 
-449368480 
-449415685 
-449347850 
-449165215 
-448868018 
-448456613 
-447931262 
-447292358 
-446540269 
-445675358 
-444698106 
-443608981 
-442408496 
-441097134 
-439675432 
-438144005 
-436503414 
-434754333 
-432897408 
-430933330 
-428862810 
-426686548 
-424405324 
-422019978 
-419531277 
-416940063 
-414247210 
-411453632 
-408560181 
-405567804 
-402477490 
-399290204 
-396006973 
-392628860 
-389156851 
-385592090 
-381935613 
-378188576 
-374352094 
-370427315 
-366415478 
-362317705 
-358135294 
-353869487 
-349521493 
-345092604 
-340584140 
-335997405 
-331333750 
-326594529 
-321781082 
-316894794 
-311937098 
-306909405 
-301813085 
-296649666 
-291420552 
-286127236 
-280771205 
-275354007 
-269877089 
-264342019 
-258750333 
-253103609 
-247403376 
-241651171 
-235848605 
-229997313 
-224098857 
-218154863 
-212166973 
-206136820 
-200065977 
-193956125 
-187808924 
-181626042 
-175409096 
-169159740 
-162879718 
-156570691 
-150234298 
-143872270 
-137486312 
-131078034 
-124649226 
-118201516 
-111736674 
-105256273 
-98762148 
-92255930 
-85739344 
-79214084 
-72681815 
-66144267 
-59603164 
-53060155 
-46516915 
-39975142 
-33436486 
-26902686 
-20375363 
-13856232 
-7346914 
-849101 
5635545 
12105484 
18558953 
24994369 
31410155 
37804710 
44176350 
50523509 
56844597 
63138072 
69402364 
75635909 
81837141 
88004605 
94136751 
100232003 
106288949 
112306104 
118281928 
124215054 
130104025 
135947367 
141743751 
147491691 
153189872 
158836899 
164431478 
169972222 
175457789 
180886972 
186258429 
191570897 
196823144 
202013966 
207142110 
212206416 
217205752 
222138882 
227004742 
231802188 
236530176 
241187563 
245773315 
250286446 
254725890 
259090738 
263379935 
267592583 
271727786 
275784622 
279762188 
283659686 
287476191 
291210944 
294863203 
298432122 
301916973 
305317089 
308631774 
311860345 
315002163 
318056585 
321022968 
323900791 
326689494 
329388551 
331997467 
334515751 
336942957 
339278659 
341522444 
343673929 
345732775 
347698611 
349571131 
351350085 
353035191 
354626284 
356123116 
357525534 
358833305 
360046356 
361164612 
362187925 
363116279 
363949650 
364687984 
365331324 
365879710 
366333212 
366691894 
366955975 
367125486 
367200631 
367181592 
367068566 
366861817 
366561615 
366168195 
365681879 
365103035 
364431972 
363669042 
362814717 
361869387 
360833471 
359707476 
358491882 
357187199 
355793921 
354312675 
352743991 
351088489 
349346764 
347519506 
345607322 
343610966 
341531045 
339368324 
337123603 
334797543 
332391003 
329904712 
327339568 
324696384 
321976016 
319179297 
316307155 
313360497 
310340234 
307247325 
304082774 
300847479 
297542476 
294168799 
290727425 
287219412 
283645759 
280007661 
276306144 
272542282 
268717198 
264832000 
260887847 
256885901 
252827343 
248713313 
244545003 
240323566 
236050272 
231726357 
227353004 
222931448 
218462992 
213948852 
209390312 
204788685 
200145182 
195461137 
190737845 
185976624 
181178781 
176345601 
171478468 
166578699 
161647614 
156686600 
151696963 
146680060 
141637278 
136569926 
131479394 
126367062 
121234301 
116082459 
110912899 
105727017 
100526213 
95311824 
90085226 
84847816 
79600945 
74345985 
69084329 
63817360 
58546478 
53272979 
47998287 
42723705 
37450601 
32180412 
26914387 
21653951 
16400422 
11155122 
5919373 
694557 
-4518077 
-9717187 
-14901427 
-20069506 
-25220165 
-30352128 
-35464079 
-40554755 
-45622895 
-50667234 
-55686492 
-60679493 
-65644992 
-70581786 
-75488682 
-80364428 
-85207917 
-90017992 
-94793375 
-99532998 
-104235720 
-108900390 
-113525930 
-118111206 
-122655170 
-127156722 
-131614844 
-136028432 
-140396496 
-144717990 
-148991954 
-153217350 
-157393227 
-161518626 
-165592609 
-169614263 
-173582633 
-177496846 
-181356089 
-185159403 
-188905976 
-192595017 
-196225675 
-199797155 
-203308756 
-206759581 
-210148968 
-213476210 
-216740569 
-219941380 
-223077966 
-226149620 
-229155782 
-232095837 
-234969166 
-237775173 
-240513339 
-243183103 
-245783977 
-248315401 
-250776919 
-253168058 
-255488402 
-257737540 
-259914994 
-262020393 
-264053444 
-266013756 
-267901038 
-269714869 
-271455060 
-273121335 
-274713477 
-276231230 
-277674385 
-279042762 
-280336146 
-281554464 
-282697561 
-283765314 
-284757645 
-285674471 
-286515781 
-287281512 
-287971703 
-288586345 
-289125419 
-289589023 
-289977226 
-290290091 
-290527763 
-290690326 
-290777984 
-290790852 
-290729148 
-290593074 
-290382858 
-290098728 
-289740873 
-289309691 
-288805449 
-288228413 
-287578946 
-286857420 
-286064176 
-285199595 
-284264128 
-283258153 
-282182114 
-281036440 
-279821683 
-278538261 
-277186746 
-275767607 
-274281377 
-272728660 
-271110020 
-269426014 
-267677268 
-265864374 
-263987940 
-262048672 
-260047212 
-257984220 
-255860406 
-253676482 
-251433135 
-249131136 
-246771228 
-244354170 
-241880694 
-239351606 
-236767725 
-234129847 
-231438772 
-228695382 
-225900490 
-223054927 
-220159581 
-217215365 
-214223108 
-211183684 
-208098081 
-204967172 
-201791890 
-198573198 
-195312062 
-192009309 
-188666012 
-185283126 
-181861624 
-178402449 
-174906617 
-171375133 
-167808992 
-164209256 
-160576928 
-156912968 
-153218442 
-149494394 
-145741853 
-141961835 
-138155467 
-134323743 
-130467754 
-126588510 
-122687122 
-118764639 
-114822094 
-110860608 
-106881287 
-102885127 
-98873207 
-94846661 
-90806565 
-86753920 
-82689869 
-78615512 
-74531869 
-70440054 
-66341155 
-62236212 
-58126360 
-54012623 
-49896077 
-45777829 
-41658956 
-37540434 
-33423425 
-29308952 
-25198077 
-21091845 
-16991277 
-12897466 
-8811382 
-4734156 
-666763 
3389800 
7434469 
11466220 
15484101 
19487080 
23474126 
27444345 
31396688 
35330200 
39243925 
43136874 
47008137 
50856709 
54681746 
58482259 
62257357 
66006147 
69727729 
73421165 
77085646 
80720296 
84324190 
87896558 
91436535 
94943303 
98416032 
101853900 
105256140 
108621989 
111950633 
115241356 
118493421 
121706024 
124878521 
128010153 
131100281 
134148138 
137153092 
140114486 
143031680 
145904045 
148730961 
151511838 
154246057 
156933044 
159572280 
162163166 
164705181 
167197809 
169640533 
172032828 
174374292 
176664449 
178902830 
181088955 
183222460 
185302937 
187329943 
189303276 
191222452 
193087089 
194896902 
196651584 
198350781 
199994271 
201581775 
203113038 
204587767 
206005849 
207367015 
208671087 
209917869 
211107223 
212238981 
213313047 
214329296 
215287598 
216187867 
217030089 
217814151 
218540079 
219207807 
219817369 
220368746 
220861948 
221297038 
221674032 
221993058 
222254188 
222457463 
222603056 
222691070 
222721658 
222694956 
222611125 
222470371 
222272924 
222018954 
221708684 
221342386 
220920334 
220442755 
219909928 
219322148 
218679752 
217983066 
217232405 
216428130 
215570642 
214660283 
213697417 
212682497 
211615915 
210498083 
209329467 
208110492 
206841622 
205523348 
204156151 
202740549 
201277019 
199766083 
198208246 
196604091 
194954167 
193259008 
191519187 
189735279 
187907895 
186037627 
184125081 
182170913 
180175730 
178140077 
176064719 
173950266 
171797378 
169606766 
167379058 
165114941 
162815159 
160480373 
158111293 
155708611 
153273099 
150805471 
148306447 
145776787 
143217199 
140628460 
138011334 
135366591 
132694967 
129997252 
127274207 
124526636 
121755324 
118961034 
116144560 
113306664 
110448212 
107569965 
104672767 
101757375 
98824621 
95875321 
92910305 
89930338 
86936263 
83928894 
80909078 
77877624 
74835311 
71783016 
68721510 
65651642 
62574231 
59490080 
56399994 
53304823 
50205383 
47102474 
43996886 
40889500 
37781060 
34672405 
31564342 
28457674 
25353203 
22251723 
19154003 
16060831 
12973028 
9891371 
6816640 
3749582 
690997 
-2358339 
-5397702 
-8426306 
-11443428 
-14448280 
-17440163 
-20418304 
-23382009 
-26330538 
-29263182 
-32179212 
-35077971 
-37958737 
-40820765 
-43663450 
-46486072 
-49287942 
-52068486 
-54826951 
-57562735 
-60275223 
-62963752 
-65627720 
-68266504 
-70879510 
-73466112 
-76025753 
-78557815 
-81061759 
-83537025 
-85983022 
-88399292 
-90785230 
-93140352 
-95464124 
-97756003 
-100015556 
-102242312 
-104435726 
-106595393 
-108720827 
-110811592 
-112867242 
-114887415 
-116871644 
-118819561 
-120730728 
-122604818 
-124441395 
-126240147 
-128000733 
-129722825 
-131406087 
-133050173 
-134654833 
-136219763 
-137744635 
-139229249 
-140673415 
-142076774 
-143439117 
-144760230 
-146039847 
-147277823 
-148473983 
-149628110 
-150740020 
-151809589 
-152836700 
-153821192 
-154762965 
-155661900 
-156517921 
-157330935 
-158100845 
-158827638 
-159511211 
-160151528 
-160748588 
-161302343 
-161812833 
-162280106 
-162704058 
-163084784 
-163422324 
-163716752 
-163968111 
-164176435 
-164341898 
-164464536 
-164544452 
-164581775 
-164576640 
-164529160 
-164439479 
-164307831 
-164134346 
-163919191 
-163662534 
-163364584 
-163025668 
-162645882 
-162225461 
-161764702 
-161263819 
-160723070 
-160142770 
-159523170 
-158864554 
-158167238 
-157431505 
-156657722 
-155846143 
-154997166 
-154111065 
-153188248 
-152229082 
-151233913 
-150203086 
-149137016 
-148036150 
-146900804 
-145731410 
-144528386 
-143292200 
-142023235 
-140721931 
-139388732 
-138024109 
-136628528 
-135202430 
-133746258 
-132260521 
-130745744 
-129202362 
-127630892 
-126031802 
-124405654 
-122752957 
-121074176 
-119369865 
-117640592 
-115886830 
-114109086 
-112307959 
-110483963 
-108637711 
-106769722 
-104880508 
-102970639 
-101040749 
-99091378 
-97123084 
-95136440 
-93131998 
-91110424 
-89072237 
-87018021 
-84948344 
-82863784 
-80764971 
-78652523 
-76527044 
-74389049 
-72239171 
-70078055 
-67906293 
-65724450 
-63533081 
-61332882 
-59124367 
-56908181 
-54684946 
-52455219 
-50219651 
-47978801 
-45733305 
-43483700 
-41230669 
-38974717 
-36716485 
-34456549 
-32195566 
-29934017 
-27672570 
-25411796 
-23152301 
-20894622 
-18639368 
-16387110 
-14138453 
-11893925 
-9654117 
-7419584 
-5190897 
-2968584 
-753243 
1454585 
3654363 
5845542 
8027609 
10199981 
12362145 
14513585 
16653782 
18782266 
20898452 
23001885 
25092029 
27168383 
29230434 
31277777 
33309860 
35326217 
37326426 
39309929 
41276387 
43225302 
45156180 
47068659 
48962283 
50836611 
52691206 
54525693 
56339644 
58132665 
59904380 
61654370 
63382284 
65087780 
66770438 
68429902 
70065833 
71677952 
73265814 
74829151 
76367654 
77881010 
79368911 
80831029 
82267105 
83676834 
85059990 
86416257 
87745418 
89047236 
90321432 
91567817 
92786111 
93976103 
95137637 
96270460 
97374386 
98449238 
99494874 
100511121 
101497798 
102454774 
103381883 
104278971 
105145973 
105982758 
106789175 
107565111 
108310550 
109025369 
109709521 
110362846 
110985382 
111577036 
112137804 
112667545 
113166335 
113634161 
114070967 
114476812 
114851647 
115195472 
115508300 
115790236 
116041292 
116261519 
116450945 
116609647 
116737681 
116835135 
116902139 
116938743 
116945088 
116921249 
116867335 
116783450 
116669726 
116526364 
116353487 
116151206 
115919727 
115659237 
115369870 
115051797 
114705239 
114330351 
113927357 
113496460 
113037929 
112551908 
112038688 
111498474 
110931485 
110338004 
109718227 
109072436 
108400923 
107703989 
106981849 
106234791 
105463139 
104667109 
103847059 
103003316 
102136130 
101245859 
100332796 
99397264 
98439589 
97460123 
96459191 
95437097 
94394246 
93330992 
92247661 
91144564 
90022099 
88880663 
87720625 
86542267 
85346084 
84132376 
82901528 
81653940 
80390004 
79110146 
77814738 
76504125 
75178739 
73838979 
72485263 
71117962 
69737570 
68344394 
66938922 
65521486 
64092598 
62652611 
61201931 
59741004 
58270240 
56790007 
55300854 
53803105 
52297210 
50783624 
49262706 
47734884 
46200632 
44660336 
43114429 
41563346 
40007526 
38447367 
36883279 
35315739 
33745094 
32171804 
30596325 
29019035 
27440358 
25860712 
24280479 
22700085 
21119973 
19540559 
17962251 
16385372 
14810428 
13237816 
11667914 
10101084 
8537782 
6978311 
5423141 
3872672 
2327254 
787283 
-746889 
-2274885 
-3796234 
-5310684 
-6817824 
-8317287 
-9808738 
-11291763 
-12766032 
-14231189 
-15686957 
-17132940 
-18568811 
-19994142 
-21408728 
-22812166 
-24204178 
-25584472 
-26952657 
-28308474 
-29651631 
-30981770 
-32298722 
-33602076 
-34891576 
-36166933 
-37427835 
-38674097 
-39905421 
-41121508 
-42322086 
-43506978 
-44675882 
-45828614 
-46964871 
-48084464 
-49187181 
-50272735 
-51341010 
-52391677 
-53424604 
-54439597 
-55436460 
-56414997 
-57375007 
-58316337 
-59238826 
-60142256 
-61026527 
-61891478 
-62736988 
-63562786 
-64368846 
-65155038 
-65921226 
-66667255 
-67393063 
-68098477 
-68783466 
-69447903 
-70091721 
-70714770 
-71317036 
-71898419 
-72458832 
-72998242 
-73516590 
-74013830 
-74489911 
-74944790 
-75378391 
-75790789 
-76181883 
-76551685 
-76900160 
-77227319 
-77533140 
-77817694 
-78080970 
-78323000 
-78543799 
-78743324 
-78921675 
-79078886 
-79214990 
-79330043 
-79424138 
-79497320 
-79549618 
-79581144 
-79591958 
-79582156 
-79551797 
-79500980 
-79429788 
-79338381 
-79226843 
-79095301 
-78943783 
-78772467 
-78581529 
-78371036 
-78141158 
-77892001 
-77623744 
-77336508 
-77030460 
-76705786 
-76362607 
-76001112 
-75621477 
-75223852 
-74808420 
-74375394 
-73924963 
-73457255 
-72972506 
-72470898 
-71952675 
-71417997 
-70867089 
-70300159 
-69717419 
-69119126 
-68505446 
-67876637 
-67232915 
-66574500 
-65901682 
-65214610 
-64513598 
-63798796 
-63070559 
-62329050 
-61574582 
-60807391 
-60027701 
-59235789 
-58431916 
-57616324 
-56789289 
-55951062 
-55101959 
-54242238 
-53372102 
-52491853 
-51601826 
-50702228 
-49793311 
-48875399 
-47948768 
-47013709 
-46070519 
-45119413 
-44160707 
-43194723 
-42221682 
-41241917 
-40255639 
-39263230 
-38264930 
-37260996 
-36251750 
-35237490 
-34218463 
-33195014 
-32167356 
-31135843 
-30100715 
-29062288 
-28020841 
-26976638 
-25929972 
-24881161 
-23830433 
-22778141 
-21724480 
-20669797 
-19614359 
-18558413 
-17502302 
-16446246 
-15390538 
-14335511 
-13281320 
-12228336 
-11176758 
-10126907 
-9079036 
-8033415 
-6990329 
-5949987 
-4912648 
-3878604 
-2848106 
-1821452 
-798782 
219563 
1233328 
2242356 
3246331 
4245034 
5238230 
6225636 
7207095 
8182320 
9151129 
10113269 
11068527 
12016631 
12957424 
13890695 
14816186 
15733714 
16643107 
17544075 
18436535 
19320229 
20194932 
21060506 
21916781 
22763560 
23600621 
24427811 
25244987 
26051901 
26848487 
27634524 
28409880 
29174385 
29927843 
30670168 
31401208 
32120783 
32828810 
33525140 
34209618 
34882153 
35542637 
36190890 
36826811 
37450330 
38061292 
38659608 
39245216 
39817964 
40377778 
40924570 
41458232 
41978775 
42486023 
42979942 
43460448 
43927523 
44381060 
44821037 
45247411 
45660040 
46058961 
46444131 
46815470 
47172935 
47516547 
47846271 
48162037 
48463822 
48751662 
49025536 
49285435 
49531358 
49763289 
49981239 
50185205 
50375198 
50551268 
50713395 
50861588 
50995882 
51116319 
51222958 
51315808 
51394919 
51460281 
51511980 
51550091 
51574639 
51585713 
51583310 
51567506 
51538395 
51496051 
51440533 
51371915 
51290312 
51195751 
51088321 
50968141 
50835300 
50689881 
50531976 
50361682 
50179102 
49984359 
49777522 
49558742 
49328128 
49085776 
48831806 
48566382 
48289604 
48001561 
47702423 
47392297 
47071309 
46739604 
46397345 
46044677 
45681703 
45308591 
44925462 
44532512 
44129830 
43717598 
43295990 
42865113 
42425198 
41976316 
41518694 
41052467 
40577807 
40094847 
39603758 
39104745 
38597980 
38083599 
37561775 
37032691 
36496521 
35953471 
35403676 
34847275 
34284525 
33715552 
33140608 
32559782 
31973302 
31381316 
30784062 
30181712 
29574434 
28962408 
28345743 
27724737 
27099508 
26470269 
25837200 
25200540 
24560397 
23916960 
23270442 
22621036 
21968896 
21314221 
20657216 
19998012 
19336849 
18673837 
18009256 
17343227 
16675965 
16007607 
15338374 
14668430 
13997954 
13327102 
12656113 
11985146 
11314370 
10643956 
9974009 
9304815 
8636469 
7969203 
7303163 
6638512 
5975428 
5314055 
4654555 
3997135 
3341949 
2689105 
2038801 
1391203 
746435 
104721 
-533845 
-1169080 
-1800838 
-2429002 
-3053409 
-3673905 
-4290359 
-4902576 
-5510477 
-6113876 
-6712701 
-7306762 
-7895935 
-8480089 
-9059117 
-9632918 
-10201299 
-10764122 
-11321348 
-11872831 
-12418420 
-12958014 
-13491547 
-14018902 
-14539894 
-15054470 
-15562559 
-16063985 
-16558737 
-17046635 
-17527618 
-18001625 
-18468502 
-18928208 
-19380673 
-19825760 
-20263434 
-20693584 
-21116185 
-21531095 
-21938274 
-22337681 
-22729255 
-23112899 
-23488540 
-23856166 
-24215687 
-24567044 
-24910183 
-25245095 
-25571707 
-25890006 
-26199869 
-26501338 
-26794379 
-27078866 
-27354863 
-27622333 
-27881210 
-28131502 
-28373205 
-28606230 
-28830572 
-29046252 
-29253268 
-29451558 
-29641150 
-29822047 
-29994237 
-30157716 
-30312444 
-30458477 
-30595790 
-30724414 
-30844400 
-30955709 
-31058343 
-31152375 
-31237771 
-31314557 
-31382783 
-31442502 
-31493707 
-31536436 
-31570683 
-31596511 
-31613992 
-31623141 
-31623969 
-31616538 
-31600909 
-31577096 
-31545229 
-31505276 
-31457307 
-31401388 
-31337605 
-31265931 
-31186517 
-31099392 
-31004592 
-30902216 
-30792326 
-30674987 
-30550267 
-30418209 
-30278959 
-30132522 
-29979019 
-29818476 
-29651011 
-29476749 
-29295667 
-29107937 
-28913592 
-28712765 
-28505521 
-28291919 
-28072113 
-27846157 
-27614131 
-27376157 
-27132299 
-26882677 
-26627377 
-26366510 
-26100148 
-25828395 
-25551391 
-25269217 
-24981932 
-24689688 
-24392568 
-24090671 
-23784155 
-23473107 
-23157622 
-22837766 
-22513725 
-22185509 
-21853322 
-21517251 
-21177350 
-20833789 
-20486662 
-20136075 
-19782115 
-19424963 
-19064652 
-18701348 
-18335148 
-17966164 
-17594499 
-17220259 
-16843594 
-16464617 
-16083430 
-15700085 
-15314792 
-14927609 
-14538634 
-14148030 
-13755848 
-13362245 
-12967323 
-12571238 
-12173996 
-11775795 
-11376750 
-10976910 
-10576415 
-10175389 
-9773918 
-9372164 
-8970170 
-8568093 
-8165985 
-7763997 
-7362217 
-6960751 
-6559703 
-6159209 
-5759328 
-5360203 
-4961869 
-4564482 
-4168136 
-3772918 
-3378926 
-2986262 
-2595042 
-2205327 
-1817246 
-1430890 
-1046300 
-663610 
-282906 
95726 
472156 
846345 
1218217 
1587643 
1954581 
2318908 
2680554 
3039485 
3395571 
3748752 
4098939 
4446020 
4789971 
5130714 
5468207 
5802297 
6132942 
6460117 
6783713 
7103665 
7419958 
7732488 
8041201 
8346020 
8646903 
8943797 
9236636 
9525387 
9809970 
10090362 
10366497 
10638287 
10905735 
11168751 
11427330 
11681439 
11931034 
12176064 
12416460 
12652182 
12883233 
13109552 
13331127 
13547951 
13759939 
13967089 
14169364 
14366760 
14559206 
14746739 
14929282 
15106862 
15279461 
15447010 
15609546 
15767064 
15919481 
16066840 
16209133 
16346352 
16478437 
16605442 
16727342 
16844139 
16955836 
17062423 
17163908 
17260281 
17351562 
17437736 
17518817 
17594856 
17665807 
17731740 
17792601 
17848409 
17899222 
17945011 
17985824 
18021692 
18052621 
18078636 
18099699 
18115895 
18127225 
18133716 
18135449 
18132395 
18124575 
18112075 
18094858 
18073009 
18046559 
18015540 
17979974 
17939896 
17895346 
17846353 
17792959 
17735232 
17673173 
17606870 
17536307 
17461568 
17382704 
17299749 
17212746 
17121734 
17026813 
16927968 
16825306 
16718858 
16608624 
16494708 
16377151 
16256001 
16131306 
16003123 
15871541 
15736616 
15598342 
15456834 
15312129 
15164290 
15013353 
14859401 
14702507 
14542696 
14380012 
14214565 
14046408 
13875593 
13702184 
13526234 
13347793 
13166979 
12983836 
12798384 
12610730 
12420922 
12229017 
12035087 
11839179 
11641407 
11441783 
11240402 
11037330 
10832633 
10626310 
10418523 
10209241 
9998614 
9786639 
9573446 
9359086 
9143614 
8927047 
8709486 
8491040 
8271723 
8051597 
7830702 
7609170 
7387039 
7164381 
6941246 
6717687 
6493773 
6269551 
6045084 
5820426 
5595692 
5370915 
5146121 
4921415 
4696832 
4472448 
4248311 
4024518 
3801077 
3578042 
3355516 
3133494 
2912084 
2691334 
2471254 
2251934 
2033422 
1815830 
1599135 
1383410 
1168687 
955067 
742553 
531228 
321094 
112248 
-95267 
-301401 
-506127 
-709391 
-911157 
-1111372 
-1310002 
-1507010 
-1702312 
-1895908 
-2087757 
-2277788 
-2466002 
-2652316 
-2836743 
-3019200 
-3199647 
-3378113 
-3554507 
-3728800 
-3900949 
-4070951 
-4238747 
-4404328 
-4567653 
-4728743 
-4887478 
-5043895 
-5197938 
-5349604 
-5498863 
-5645692 
-5790064 
-5931919 
-6071275 
-6208106 
-6342423 
-6474122 
-6603257 
-6729797 
-6853728 
-6974995 
-7093622 
-7209594 
-7322861 
-7433443 
-7541337 
-7646530 
-7749013 
-7848718 
-7945700 
-8039937 
-8131424 
-8220110 
-8306039 
-8389199 
-8469589 
-8547200 
-8622038 
-8694083 
-8763350 
-8829833 
-8893527 
-8954434 
-9012562 
-9067944 
-9120555 
-9170377 
-9217427 
-9261750 
-9303309 
-9342103 
-9378189 
-9411531 
-9442173 
-9470080 
-9495315 
-9517832 
-9537684 
-9554894 
-9569466 
-9581354 
-9590692 
-9597418 
-9601554 
-9603117 
-9602117 
-9598571 
-9592499 
-9583950 
-9572915 
-9559438 
-9543493 
-9525150 
-9504432 
-9481297 
-9455829 
-9428028 
-9397919 
-9365535 
-9330886 
-9293998 
-9254938 
-9213682 
-9170300 
-9124760 
-9077142 
-9027424 
-8975667 
-8921906 
-8866160 
-8808456 
-8748820 
-8687272 
-8623842 
-8558556 
-8491494 
-8422625 
-8352034 
-8279687 
-8205677 
-8130016 
-8052740 
-7973879 
-7893451 
-7811498 
-7728038 
-7643105 
-7556779 
-7469039 
-7379950 
-7289557 
-7197891 
-7104922 
-7010737 
-6915365 
-6818830 
-6721221 
-6622503 
-6522725 
-6421957 
-6320176 
-6217467 
-6113863 
-6009337 
-5903974 
-5797807 
-5690864 
-5583174 
-5474768 
-5365722 
-5256021 
-5145742 
-5034875 
-4923487 
-4811568 
-4699197 
-4586399 
-4473193 
-4359631 
-4245740 
-4131535 
-4017052 
-3902370 
-3787467 
-3672423 
-3557222 
-3441937 
-3326542 
-3211129 
-3095712 
-2980319 
-2864983 
-2749739 
-2634603 
-2519604 
-2404772 
-2290185 
-2175814 
-2061689 
-1947882 
-1834423 
-1721279 
-1608541 
-1496216 
-1384291 
-1272832 
-1161881 
-1051431 
-941542 
-832209 
-723461 
-615327 
-507880 
-401076 
-294961 
-189576 
-84929 
18943 
122045 
224323 
325801 
426413 
526175 
625039 
722978 
819967 
916048 
1011151 
1105255 
1198350 
1290412 
1381434 
1471397 
1560282 
1648078 
1734768 
1820341 
1904778 
1988024 
2070105 
2151023 
2230751 
2309290 
2386618 
2462675 
2537509 
2611100 
2683434 
2754476 
2824236 
2892722 
2959872 
3025725 
3090281 
3153480 
3215353 
3275910 
3335134 
3392972 
3449473 
3504624 
3558424 
3610821 
3661852 
3711521 
3759779 
3806661 
3852168 
3896303 
3939058 
3980434 
4020380 
4058944 
4096130 
4131928 
4166342 
4199377 
4231022 
4261293 
4290185 
4317691 
4343823 
4368587 
4391972 
4413993 
4434692 
4454033 
4472015 
4488643 
4503966 
4517950 
4530630 
4541980 
4551999 
4560747 
4568172 
4574336 
4579238 
4582849 
4585212 
4586341 
4586196 
4584829 
4582245 
4578458 
4573475 
4567305 
4559956 
4551446 
4541768 
4530987 
4519066 
4506017 
4491845 
4476610 
4460278 
4442905 
4424445 
4404975 
4384490 
4362962 
4340452 
4316965 
4292516 
4267115 
4240780 
4213473 
4185293 
4156219 
4126254 
4095413 
4063712 
4031206 
3997864 
3963748 
3928821 
3893143 
3856729 
3819544 
3781654 
3743067 
3703800 
3663860 
3623273 
3582036 
3540175 
3497706 
3454636 
3410985 
3366806 
3322071 
3276844 
3231087 
3184863 
3138138 
3090972 
3043388 
2995343 
2946899 
2898073 
2848880 
2799333 
2749444 
2699234 
2648755 
2597975 
2546912 
2495582 
2444041 
2392258 
2340285 
2288104 
2235765 
2183237 
2130585 
2077815 
2024943 
1971938 
1918856 
1865710 
1812522 
1759295 
1706044 
1652789 
1599574 
1546381 
1493211 
1440083 
1387046 
1334080 
1281235 
1228472 
1175859 
1123354 
1071021 
1018866 
966858 
915049 
863453 
812036 
760854 
709915 
659233 
608821 
558682 
508828 
459273 
410022 
361086 
312474 
264198 
216311 
168778 
121601 
74796 
28415 
-17582 
-63182 
-108333 
-153080 
-197403 
-241262 
-284681 
-327620 
-370106 
-412101 
-453632 
-494649 
-535196 
-575215 
-614753 
-653747 
-692204 
-730157 
-767557 
-804402 
-840722 
-876479 
-911665 
-946312 
-980382 
-1013870 
-1046815 
-1079160 
-1110912 
-1142107 
-1172696 
-1202682 
-1232057 
-1260864 
-1289054 
-1316627 
-1343582 
-1369963 
-1395717 
-1420846 
-1445388 
-1469305 
-1492587 
-1515293 
-1537358 
-1558793 
-1579634 
-1599849 
-1619418 
-1638405 
-1656754 
-1674465 
-1691587 
-1708077 
-1723974 
-1739240 
-1753917 
-1767961 
-1781414 
-1794243 
-1806485 
-1818095 
-1829129 
-1839534 
-1849364 
-1858621 
-1867247 
-1875310 
-1882804 
-1889684 
-1896000 
-1901747 
-1906945 
-1911532 
-1915570 
-1919056 
-1921996 
-1924386 
-1926243 
-1927549 
-1928332 
-1928580 
-1928304 
-1927497 
-1926179 
-1924336 
-1921988 
-1919131 
-1915769 
-1911956 
-1907647 
-1902845 
-1897610 
-1891887 
-1885689 
-1879066 
-1871974 
-1864462 
-1856498 
-1848122 
-1839302 
-1830080 
-1820472 
-1810430 
-1799998 
-1789197 
-1777979 
-1766390 
-1754448 
-1742148 
-1729498 
-1716505 
-1703171 
-1689503 
-1675511 
-1661193 
-1646561 
-1631615 
-1616413 
-1600908 
-1585110 
-1569022 
-1552698 
-1536094 
-1519220 
-1502125 
-1484771 
-1467210 
-1449399 
-1431389 
-1413190 
-1394757 
-1376144 
-1357354 
-1338353 
-1319185 
-1299859 
-1280381 
-1260760 
-1240994 
-1221093 
-1201059 
-1180905 
-1160629 
-1140237 
-1119740 
-1099141 
-1078445 
-1057699 
-1036871 
-1015958 
-994970 
-973960 
-952885 
-931790 
-910641 
-889440 
-868242 
-847003 
-825773 
-804559 
-783319 
-762103 
-740869 
-719672 
-698512 
-677395 
-656280 
-635219 
-614210 
-593268 
-572388 
-551574 
-530842 
-510181 
-489605 
-469111 
-448710 
-428401 
-408190 
-388084 
-368076 
-348180 
-328399 
-308729 
-289229 
-269852 
-250598 
-231475 
-212530 
-193720 
-175051 
-156568 
-138231 
-120037 
-102044 
-84203 
-66518 
-49036 
-31716 
-14608 
2338 
19066 
35628 
51971 
68136 
84081 
99847 
115385 
130742 
145868 
160807 
175513 
189982 
204265 
218308 
232154 
245760 
259126 
272289 
285215 
297934 
310412 
322636 
334661 
346433 
357957 
369275 
380348 
391162 
401772 
412128 
422234 
432128 
441773 
451158 
460342 
469266 
477983 
486445 
494655 
502652 
510399 
517889 
525174 
532204 
538980 
545553 
551869 
557984 
563847 
569460 
574867 
580030 
584988 
589700 
594212 
598478 
602545 
606369 
609996 
613382 
616571 
619523 
622281 
624806 
627138 
629235 
631147 
632874 
634368 
635684 
636768 
637674 
638402 
638906 
639234 
639390 
639372 
639138 
638734 
638167 
637430 
636530 
635423 
634154 
632727 
631144 
629407 
627514 
625470 
623276 
620937 
618454 
615822 
613051 
610138 
607088 
603901 
600582 
597129 
593545 
589836 
585999 
582082 
578044 
573887 
569611 
565263 
560803 
556230 
551594 
546847 
541992 
537083 
532070 
526955 
521789 
516525 
511215 
505859 
500408 
494916 
489335 
483716 
478015 
472278 
466509 
460657 
454779 
448872 
442935 
436930 
430904 
424853 
418784 
412698 
406595 
400433 
394258 
388072 
381879 
375675 
369467 
363255 
357040 
350823 
344652 
338484 
332316 
326153 
319993 
313842 
307699 
301611 
295535 
289468 
283462 
277469 
271491 
265575 
259675 
253795 
247981 
242186 
236460 
230756 
225074 
219463 
213877 
208365 
202880 
197467 
192128 
186818 
181585 
176382 
171256 
166206 
161236 
156297 
151438 
146658 
141912 
137246 
132661 
128155 
123732 
119343 
115037 
110812 
106670 
102609 
98629 
94685 
90824 
87046 
83349 
79736 
76204 
72755 
69386 
66100 
62895 
59772 
56727 
53764 
50880 
48077 
45353 
42710 
40189 
37746 
35379 
33090 
30876 
28737 
26674 
24687 
22818 
21021 
19297 
17645 
16063 
14550 
13153 
11824 
10562 
9365 
8234 
7214 
6257 
5361 
4527 
3800 
3132 
2521 
1967 
1515 
1117 
772 
480 
286 
142 
47 
0 
