0 
16 
32 
48 
65 
81 
97 
114 
130 
146 
162 
178 
194 
210 
226 
242 
258 
274 
290 
305 
321 
336 
352 
367 
382 
397 
412 
427 
442 
457 
471 
486 
500 
514 
528 
542 
556 
569 
583 
596 
609 
623 
635 
648 
661 
673 
685 
697 
709 
721 
732 
744 
755 
766 
777 
787 
797 
808 
817 
827 
837 
846 
855 
864 
873 
881 
889 
897 
905 
912 
920 
927 
934 
940 
947 
953 
958 
964 
969 
975 
979 
984 
988 
993 
996 
1000 
1003 
1006 
1009 
1012 
1014 
1016 
1018 
1020 
1021 
1022 
1023 
1023 
1023 
1023 
1023 
1023 
1022 
1021 
1020 
1018 
1016 
1014 
1012 
1009 
1006 
1003 
1000 
996 
992 
988 
984 
979 
974 
969 
964 
958 
952 
946 
940 
933 
926 
919 
912 
904 
897 
889 
880 
872 
863 
854 
845 
836 
826 
817 
807 
797 
786 
776 
765 
754 
743 
732 
720 
708 
696 
684 
672 
660 
647 
634 
622 
608 
595 
582 
568 
555 
541 
527 
513 
499 
484 
470 
455 
441 
426 
411 
396 
381 
366 
350 
335 
320 
304 
288 
273 
257 
241 
225 
209 
193 
177 
161 
145 
129 
112 
96 
80 
64 
47 
31 
15 
-1 
-17 
-33 
-50 
-66 
-82 
-99 
-115 
-131 
-147 
-163 
-180 
-196 
-212 
-228 
-243 
-259 
-275 
-291 
-306 
-322 
-337 
-353 
-368 
-383 
-398 
-413 
-428 
-443 
-458 
-472 
-487 
-501 
-515 
-529 
-543 
-557 
-570 
-584 
-597 
-611 
-624 
-636 
-649 
-662 
-674 
-686 
-698 
-710 
-722 
-733 
-745 
-756 
-767 
-777 
-788 
-798 
-808 
-818 
-828 
-837 
-847 
-856 
-865 
-873 
-882 
-890 
-898 
-906 
-913 
-920 
-927 
-934 
-941 
-947 
-953 
-959 
-964 
-970 
-975 
-980 
-984 
-989 
-993 
-997 
-1000 
-1004 
-1007 
-1009 
-1012 
-1014 
-1016 
-1018 
-1020 
-1021 
-1022 
-1023 
-1023 
-1023 
-1023 
-1023 
-1023 
-1022 
-1021 
-1019 
-1018 
-1016 
-1014 
-1011 
-1009 
-1006 
-1003 
-999 
-996 
-992 
-988 
-983 
-979 
-974 
-969 
-963 
-958 
-952 
-946 
-939 
-933 
-926 
-919 
-911 
-904 
-896 
-888 
-880 
-871 
-863 
-854 
-845 
-835 
-826 
-816 
-806 
-796 
-785 
-775 
-764 
-753 
-742 
-731 
-719 
-707 
-696 
-683 
-671 
-659 
-646 
-633 
-621 
-607 
-594 
-581 
-567 
-554 
-540 
-526 
-512 
-498 
-483 
-469 
-454 
-440 
-425 
-410 
-395 
-380 
-365 
-349 
-334 
-318 
-303 
-287 
-271 
-256 
-240 
-224 
-208 
-192 
-176 
-160 
-144 
-127 
-111 
-95 
-79 
-62 
-46 
-30 
-13 
2 
18 
35 
51 
67 
84 
100 
116 
132 
149 
165 
181 
197 
213 
229 
245 
260 
276 
292 
308 
323 
339 
354 
369 
384 
399 
414 
429 
444 
459 
473 
488 
502 
516 
530 
544 
558 
572 
585 
598 
612 
625 
637 
650 
663 
675 
687 
699 
711 
723 
734 
745 
757 
767 
778 
789 
799 
809 
819 
829 
838 
847 
856 
865 
874 
882 
890 
898 
906 
914 
921 
928 
935 
941 
947 
954 
959 
965 
970 
975 
980 
985 
989 
993 
997 
1001 
1004 
1007 
1010 
1012 
1015 
1017 
1018 
1020 
1021 
1022 
1023 
1023 
1023 
1023 
1023 
1023 
1022 
1021 
1019 
1018 
1016 
1014 
1011 
1009 
1006 
1003 
999 
995 
992 
987 
983 
978 
973 
968 
963 
957 
951 
945 
939 
932 
925 
918 
911 
903 
895 
887 
879 
871 
862 
853 
844 
835 
825 
815 
805 
795 
785 
774 
763 
752 
741 
730 
718 
706 
695 
683 
670 
658 
645 
632 
620 
606 
593 
580 
566 
553 
539 
525 
511 
497 
482 
468 
453 
438 
424 
409 
394 
379 
363 
348 
333 
317 
302 
286 
270 
254 
239 
223 
207 
191 
175 
158 
142 
126 
110 
94 
77 
61 
45 
28 
12 
-3 
-20 
-36 
-52 
-69 
-85 
-101 
-117 
-134 
-150 
-166 
-182 
-198 
-214 
-230 
-246 
-262 
-277 
-293 
-309 
-324 
-340 
-355 
-370 
-386 
-401 
-416 
-430 
-445 
-460 
-474 
-489 
-503 
-517 
-531 
-545 
-559 
-573 
-586 
-599 
-613 
-626 
-638 
-651 
-664 
-676 
-688 
-700 
-712 
-724 
-735 
-746 
-757 
-768 
-779 
-789 
-800 
-810 
-820 
-829 
-839 
-848 
-857 
-866 
-875 
-883 
-891 
-899 
-907 
-914 
-921 
-928 
-935 
-942 
-948 
-954 
-960 
-965 
-971 
-976 
-980 
-985 
-989 
-993 
-997 
-1001 
-1004 
-1007 
-1010 
-1012 
-1015 
-1017 
-1018 
-1020 
-1021 
-1022 
-1023 
-1023 
-1023 
-1023 
-1023 
-1023 
-1022 
-1021 
-1019 
-1018 
-1016 
-1013 
-1011 
-1008 
-1006 
-1002 
-999 
-995 
-991 
-987 
-983 
-978 
-973 
-968 
-962 
-957 
-951 
-945 
-938 
-932 
-925 
-918 
-910 
-903 
-895 
-887 
-878 
-870 
-861 
-852 
-843 
-834 
-824 
-814 
-804 
-794 
-784 
-773 
-762 
-751 
-740 
-729 
-717 
-706 
-694 
-682 
-669 
-657 
-644 
-631 
-619 
-605 
-592 
-579 
-565 
-552 
-538 
-524 
-510 
-495 
-481 
-467 
-452 
-437 
-422 
-408 
-393 
-377 
-362 
-347 
-331 
-316 
-300 
-285 
-269 
-253 
-237 
-221 
-205 
-189 
-173 
-157 
-141 
-125 
-109 
-92 
-76 
-60 
-43 
-27 
-11 
5 
21 
37 
54 
70 
86 
102 
119 
135 
151 
167 
183 
199 
215 
231 
247 
263 
279 
294 
310 
325 
341 
356 
372 
387 
402 
417 
432 
446 
461 
476 
490 
504 
518 
532 
546 
560 
574 
587 
600 
614 
627 
639 
652 
665 
677 
689 
701 
713 
724 
736 
747 
758 
769 
780 
790 
801 
811 
820 
830 
840 
849 
858 
867 
875 
884 
892 
900 
907 
915 
922 
929 
936 
942 
948 
954 
960 
966 
971 
976 
981 
985 
990 
994 
998 
1001 
1004 
1007 
1010 
1013 
1015 
1017 
1019 
1020 
1021 
1022 
1023 
1023 
1023 
1023 
1023 
1022 
1022 
1020 
1019 
1017 
1015 
1013 
1011 
1008 
1005 
1002 
999 
995 
991 
987 
982 
978 
973 
967 
962 
956 
950 
944 
938 
931 
924 
917 
910 
902 
894 
886 
878 
869 
861 
852 
842 
833 
823 
814 
804 
793 
783 
772 
762 
751 
739 
728 
716 
705 
693 
681 
668 
656 
643 
630 
618 
604 
591 
578 
564 
551 
537 
523 
509 
494 
480 
466 
451 
436 
421 
406 
391 
376 
361 
346 
330 
315 
299 
283 
268 
252 
236 
220 
204 
188 
172 
156 
140 
124 
107 
91 
75 
59 
42 
26 
10 
-6 
-22 
-38 
-55 
-71 
-87 
-104 
-120 
-136 
-152 
-168 
-184 
-201 
-216 
-232 
-248 
-264 
-280 
-296 
-311 
-327 
-342 
-357 
-373 
-388 
-403 
-418 
-433 
-448 
-462 
-477 
-491 
-505 
-519 
-533 
-547 
-561 
-575 
-588 
-601 
-615 
-628 
-640 
-653 
-665 
-678 
-690 
-702 
-714 
-725 
-737 
-748 
-759 
-770 
-781 
-791 
-801 
-811 
-821 
-831 
-840 
-850 
-859 
-867 
-876 
-884 
-892 
-900 
-908 
-915 
-922 
-929 
-936 
-943 
-949 
-955 
-961 
-966 
-971 
-976 
-981 
-986 
-990 
-994 
-998 
-1001 
-1005 
-1008 
-1010 
-1013 
-1015 
-1017 
-1019 
-1020 
-1021 
-1022 
-1023 
-1023 
-1023 
-1023 
-1023 
-1022 
-1021 
-1020 
-1019 
-1017 
-1015 
-1013 
-1011 
-1008 
-1005 
-1002 
-998 
-995 
-991 
-986 
-982 
-977 
-972 
-967 
-962 
-956 
-950 
-944 
-937 
-930 
-924 
-916 
-909 
-901 
-894 
-885 
-877 
-869 
-860 
-851 
-842 
-832 
-823 
-813 
-803 
-793 
-782 
-772 
-761 
-750 
-739 
-727 
-716 
-704 
-692 
-680 
-667 
-655 
-642 
-629 
-617 
-603 
-590 
-577 
-563 
-549 
-536 
-522 
-508 
-493 
-479 
-464 
-450 
-435 
-420 
-405 
-390 
-375 
-360 
-344 
-329 
-314 
-298 
-282 
-267 
-251 
-235 
-219 
-203 
-187 
-171 
-155 
-139 
-122 
-106 
-90 
-74 
-57 
-41 
-25 
-8 
7 
23 
40 
56 
72 
89 
105 
121 
137 
153 
170 
186 
202 
218 
234 
250 
265 
281 
297 
312 
328 
343 
359 
374 
389 
404 
419 
434 
449 
463 
478 
492 
506 
521 
535 
548 
562 
576 
589 
602 
616 
629 
641 
654 
666 
679 
691 
703 
715 
726 
738 
749 
760 
771 
781 
792 
802 
812 
822 
832 
841 
850 
859 
868 
877 
885 
893 
901 
908 
916 
923 
930 
937 
943 
949 
955 
961 
967 
972 
977 
982 
986 
990 
994 
998 
1002 
1005 
1008 
1010 
1013 
1015 
1017 
1019 
1020 
1021 
1022 
1023 
1023 
1024 
1023 
1023 
1022 
1021 
1020 
1019 
1017 
1015 
1013 
1010 
1008 
1005 
1002 
998 
994 
990 
986 
982 
977 
972 
967 
961 
955 
949 
943 
937 
930 
923 
916 
908 
901 
893 
885 
877 
868 
859 
850 
841 
832 
822 
812 
802 
792 
781 
771 
760 
749 
738 
726 
715 
703 
691 
679 
666 
654 
641 
629 
616 
602 
589 
576 
562 
548 
535 
521 
506 
492 
478 
463 
449 
434 
419 
404 
389 
374 
359 
343 
328 
312 
297 
281 
265 
250 
234 
218 
202 
186 
170 
153 
137 
121 
105 
89 
72 
56 
40 
23 
7 
-8 
-25 
-41 
-57 
-74 
-90 
-106 
-122 
-139 
-155 
-171 
-187 
-203 
-219 
-235 
-251 
-267 
-282 
-298 
-314 
-329 
-344 
-360 
-375 
-390 
-405 
-420 
-435 
-450 
-464 
-479 
-493 
-508 
-522 
-536 
-549 
-563 
-577 
-590 
-603 
-617 
-629 
-642 
-655 
-667 
-680 
-692 
-704 
-716 
-727 
-739 
-750 
-761 
-772 
-782 
-793 
-803 
-813 
-823 
-832 
-842 
-851 
-860 
-869 
-877 
-885 
-894 
-901 
-909 
-916 
-924 
-930 
-937 
-944 
-950 
-956 
-962 
-967 
-972 
-977 
-982 
-986 
-991 
-995 
-998 
-1002 
-1005 
-1008 
-1011 
-1013 
-1015 
-1017 
-1019 
-1020 
-1021 
-1022 
-1023 
-1023 
-1023 
-1023 
-1023 
-1022 
-1021 
-1020 
-1019 
-1017 
-1015 
-1013 
-1010 
-1008 
-1005 
-1001 
-998 
-994 
-990 
-986 
-981 
-976 
-971 
-966 
-961 
-955 
-949 
-943 
-936 
-929 
-922 
-915 
-908 
-900 
-892 
-884 
-876 
-867 
-859 
-850 
-840 
-831 
-821 
-811 
-801 
-791 
-781 
-770 
-759 
-748 
-737 
-725 
-714 
-702 
-690 
-678 
-665 
-653 
-640 
-628 
-615 
-601 
-588 
-575 
-561 
-547 
-533 
-519 
-505 
-491 
-477 
-462 
-448 
-433 
-418 
-403 
-388 
-373 
-357 
-342 
-327 
-311 
-296 
-280 
-264 
-248 
-232 
-216 
-201 
-184 
-168 
-152 
-136 
-120 
-104 
-87 
-71 
-55 
-38 
-22 
-6 
10 
26 
42 
59 
75 
91 
107 
124 
140 
156 
172 
188 
204 
220 
236 
252 
268 
283 
299 
315 
330 
346 
361 
376 
391 
406 
421 
436 
451 
466 
480 
494 
509 
523 
537 
551 
564 
578 
591 
604 
618 
630 
643 
656 
668 
681 
693 
705 
716 
728 
739 
751 
762 
772 
783 
793 
804 
814 
823 
833 
842 
852 
861 
869 
878 
886 
894 
902 
910 
917 
924 
931 
938 
944 
950 
956 
962 
967 
973 
978 
982 
987 
991 
995 
999 
1002 
1005 
1008 
1011 
1013 
1015 
1017 
1019 
1020 
1022 
1022 
1023 
1023 
1023 
1023 
1023 
1022 
1021 
1020 
1019 
1017 
1015 
1013 
1010 
1007 
1004 
1001 
998 
994 
990 
985 
981 
976 
971 
966 
960 
954 
948 
942 
936 
929 
922 
915 
907 
900 
892 
884 
875 
867 
858 
849 
840 
830 
820 
811 
801 
790 
780 
769 
758 
747 
736 
724 
713 
701 
689 
677 
665 
652 
639 
627 
614 
600 
587 
574 
560 
546 
532 
518 
504 
490 
476 
461 
446 
432 
417 
402 
387 
372 
356 
341 
325 
310 
294 
279 
263 
247 
231 
215 
199 
183 
167 
151 
135 
119 
102 
86 
70 
54 
37 
21 
5 
-11 
-27 
-43 
-60 
-76 
-92 
-109 
-125 
-141 
-157 
-173 
-189 
-205 
-221 
-237 
-253 
-269 
-285 
-300 
-316 
-331 
-347 
-362 
-377 
-393 
-408 
-422 
-437 
-452 
-467 
-481 
-495 
-510 
-524 
-538 
-552 
-565 
-579 
-592 
-605 
-619 
-631 
-644 
-657 
-669 
-682 
-694 
-706 
-717 
-729 
-740 
-751 
-762 
-773 
-784 
-794 
-804 
-814 
-824 
-834 
-843 
-852 
-861 
-870 
-878 
-887 
-895 
-903 
-910 
-918 
-925 
-932 
-938 
-945 
-951 
-957 
-962 
-968 
-973 
-978 
-983 
-987 
-991 
-995 
-999 
-1002 
-1006 
-1008 
-1011 
-1013 
-1016 
-1018 
-1019 
-1021 
-1022 
-1023 
-1023 
-1023 
-1023 
-1023 
-1023 
-1022 
-1021 
-1020 
-1018 
-1017 
-1015 
-1012 
-1010 
-1007 
-1004 
-1001 
-997 
-993 
-989 
-985 
-980 
-976 
-971 
-965 
-960 
-954 
-948 
-942 
-935 
-928 
-921 
-914 
-907 
-899 
-891 
-883 
-875 
-866 
-857 
-848 
-839 
-829 
-820 
-810 
-800 
-789 
-779 
-768 
-757 
-746 
-735 
-724 
-712 
-700 
-688 
-676 
-664 
-651 
-638 
-626 
-613 
-599 
-586 
-573 
-559 
-545 
-531 
-517 
-503 
-489 
-474 
-460 
-445 
-430 
-416 
-401 
-386 
-370 
-355 
-340 
-324 
-309 
-293 
-277 
-262 
-246 
-230 
-214 
-198 
-182 
-166 
-150 
-134 
-117 
-101 
-85 
-69 
-52 
-36 
-20 
-3 
12 
28 
45 
61 
77 
94 
110 
126 
142 
158 
175 
191 
207 
223 
239 
254 
270 
286 
302 
317 
333 
348 
363 
379 
394 
409 
424 
438 
453 
468 
482 
497 
511 
525 
539 
553 
566 
580 
593 
606 
620 
632 
645 
658 
670 
683 
695 
706 
718 
730 
741 
752 
763 
774 
785 
795 
805 
815 
825 
835 
844 
853 
862 
871 
879 
887 
895 
903 
911 
918 
925 
932 
939 
945 
951 
957 
963 
968 
973 
978 
983 
987 
992 
995 
999 
1003 
1006 
1009 
1011 
1014 
1016 
1018 
1019 
1021 
1022 
1023 
1023 
1023 
1023 
1023 
1023 
1022 
1021 
1020 
1018 
1017 
1015 
1012 
1010 
1007 
1004 
1001 
997 
993 
989 
985 
980 
975 
970 
965 
959 
954 
947 
941 
935 
928 
921 
914 
906 
898 
890 
882 
874 
865 
856 
847 
838 
829 
819 
809 
799 
789 
778 
767 
757 
745 
734 
723 
711 
699 
687 
675 
663 
650 
637 
625 
612 
598 
585 
572 
558 
544 
530 
516 
502 
488 
473 
459 
444 
429 
414 
399 
384 
369 
354 
339 
323 
308 
292 
276 
260 
245 
229 
213 
197 
181 
165 
149 
132 
116 
100 
84 
67 
51 
35 
18 
2 
-13 
-30 
-46 
-62 
-79 
-95 
-111 
-127 
-144 
-160 
-176 
-192 
-208 
-224 
-240 
-256 
-271 
-287 
-303 
-318 
-334 
-349 
-365 
-380 
-395 
-410 
-425 
-440 
-454 
-469 
-483 
-498 
-512 
-526 
-540 
-554 
-567 
-581 
-594 
-607 
-621 
-633 
-646 
-659 
-671 
-683 
-696 
-707 
-719 
-731 
-742 
-753 
-764 
-775 
-785 
-796 
-806 
-816 
-826 
-835 
-845 
-854 
-863 
-871 
-880 
-888 
-896 
-904 
-911 
-919 
-926 
-933 
-939 
-946 
-952 
-958 
-963 
-969 
-974 
-979 
-983 
-988 
-992 
-996 
-999 
-1003 
-1006 
-1009 
-1011 
-1014 
-1016 
-1018 
-1019 
-1021 
-1022 
-1023 
-1023 
-1023 
-1023 
-1023 
-1023 
-1022 
-1021 
-1020 
-1018 
-1016 
-1014 
-1012 
-1009 
-1007 
-1004 
-1000 
-997 
-993 
-989 
-984 
-980 
-975 
-970 
-964 
-959 
-953 
-947 
-941 
-934 
-927 
-920 
-913 
-906 
-898 
-890 
-882 
-873 
-865 
-856 
-847 
-837 
-828 
-818 
-808 
-798 
-788 
-777 
-767 
-756 
-745 
-733 
-722 
-710 
-698 
-686 
-674 
-662 
-649 
-636 
-624 
-611 
-597 
-584 
-570 
-557 
-543 
-529 
-515 
-501 
-487 
-472 
-458 
-443 
-428 
-413 
-398 
-383 
-368 
-353 
-337 
-322 
-306 
-291 
-275 
-259 
-243 
-228 
-212 
-196 
-180 
-163 
-147 
-131 
-115 
-99 
-82 
-66 
-50 
-33 
-17 
-1 
15 
31 
47 
64 
80 
96 
112 
129 
145 
161 
177 
193 
209 
225 
241 
257 
273 
288 
304 
320 
335 
350 
366 
381 
396 
411 
426 
441 
455 
470 
484 
499 
513 
527 
541 
555 
568 
582 
595 
608 
622 
634 
647 
660 
672 
684 
696 
708 
720 
732 
743 
754 
765 
776 
786 
797 
807 
817 
826 
836 
845 
854 
863 
872 
880 
889 
897 
904 
912 
919 
926 
933 
940 
946 
952 
958 
964 
969 
974 
979 
984 
988 
992 
996 
1000 
1003 
1006 
1009 
1012 
1014 
1016 
1018 
1020 
1021 
1022 
1023 
1023 
1023 
1023 
1023 
1023 
1022 
1021 
1020 
1018 
1016 
1014 
1012 
1009 
1006 
1003 
1000 
996 
993 
988 
984 
979 
975 
969 
964 
958 
953 
947 
940 
934 
927 
920 
912 
905 
897 
889 
881 
873 
864 
855 
846 
837 
827 
817 
808 
797 
787 
777 
766 
755 
744 
732 
721 
709 
697 
685 
673 
661 
648 
635 
623 
609 
596 
583 
569 
556 
542 
528 
514 
500 
486 
471 
457 
442 
427 
412 
397 
382 
367 
352 
336 
321 
305 
290 
274 
258 
242 
226 
210 
194 
178 
162 
146 
130 
114 
97 
81 
65 
48 
32 
16 
0 
-16 
-32 
-48 
-65 
-81 
-97 
-114 
-130 
-146 
-162 
-178 
-194 
-210 
-226 
-242 
-258 
-274 
-290 
-305 
-321 
-336 
-352 
-367 
-382 
-397 
-412 
-427 
-442 
-457 
-471 
-486 
-500 
-514 
-528 
-542 
-556 
-569 
-583 
-596 
-609 
-623 
-635 
-648 
-661 
-673 
-685 
-697 
-709 
-721 
-732 
-744 
-755 
-766 
-777 
-787 
-797 
-808 
-817 
-827 
-837 
-846 
-855 
-864 
-873 
-881 
-889 
-897 
-905 
-912 
-920 
-927 
-934 
-940 
-947 
-953 
-958 
-964 
-969 
-975 
-979 
-984 
-988 
-993 
-996 
-1000 
-1003 
-1006 
-1009 
-1012 
-1014 
-1016 
-1018 
-1020 
-1021 
-1022 
-1023 
-1023 
-1023 
-1023 
-1023 
-1023 
-1022 
-1021 
-1020 
-1018 
-1016 
-1014 
-1012 
-1009 
-1006 
-1003 
-1000 
-996 
-992 
-988 
-984 
-979 
-974 
-969 
-964 
-958 
-952 
-946 
-940 
-933 
-926 
-919 
-912 
-904 
-897 
-889 
-880 
-872 
-863 
-854 
-845 
-836 
-826 
-817 
-807 
-797 
-786 
-776 
-765 
-754 
-743 
-732 
-720 
-708 
-696 
-684 
-672 
-660 
-647 
-634 
-622 
-608 
-595 
-582 
-568 
-555 
-541 
-527 
-513 
-499 
-484 
-470 
-455 
-441 
-426 
-411 
-396 
-381 
-366 
-350 
-335 
-320 
-304 
-288 
-273 
-257 
-241 
-225 
-209 
-193 
-177 
-161 
-145 
-129 
-112 
-96 
-80 
-64 
-47 
-31 
-15 
1 
17 
33 
50 
66 
82 
99 
115 
131 
147 
163 
180 
196 
212 
228 
243 
259 
275 
291 
306 
322 
337 
353 
368 
383 
398 
413 
428 
443 
458 
472 
487 
501 
515 
529 
543 
557 
570 
584 
597 
611 
624 
636 
649 
662 
674 
686 
698 
710 
722 
733 
745 
756 
767 
777 
788 
798 
808 
818 
828 
837 
847 
856 
865 
873 
882 
890 
898 
906 
913 
920 
927 
934 
941 
947 
953 
959 
964 
970 
975 
980 
984 
989 
993 
997 
1000 
1004 
1007 
1009 
1012 
1014 
1016 
1018 
1020 
1021 
1022 
1023 
1023 
1023 
1023 
1023 
1023 
1022 
1021 
1019 
1018 
1016 
1014 
1011 
1009 
1006 
1003 
999 
996 
992 
988 
983 
979 
974 
969 
963 
958 
952 
946 
939 
933 
926 
919 
911 
904 
896 
888 
880 
871 
863 
854 
845 
835 
826 
816 
806 
796 
785 
775 
764 
753 
742 
731 
719 
707 
696 
683 
671 
659 
646 
633 
621 
607 
594 
581 
567 
554 
540 
526 
512 
498 
483 
469 
454 
440 
425 
410 
395 
380 
365 
349 
334 
318 
303 
287 
271 
256 
240 
224 
208 
192 
176 
160 
144 
127 
111 
95 
79 
62 
46 
30 
13 
-2 
-18 
-35 
-51 
-67 
-84 
-100 
-116 
-132 
-149 
-165 
-181 
-197 
-213 
-229 
-245 
-260 
-276 
-292 
-308 
-323 
-339 
-354 
-369 
-384 
-399 
-414 
-429 
-444 
-459 
-473 
-488 
-502 
-516 
-530 
-544 
-558 
-572 
-585 
-598 
-612 
-625 
-637 
-650 
-663 
-675 
-687 
-699 
-711 
-723 
-734 
-745 
-757 
-767 
-778 
-789 
-799 
-809 
-819 
-829 
-838 
-847 
-856 
-865 
-874 
-882 
-890 
-898 
-906 
-914 
-921 
-928 
-935 
-941 
-947 
-954 
-959 
-965 
-970 
-975 
-980 
-985 
-989 
-993 
-997 
-1001 
-1004 
-1007 
-1010 
-1012 
-1015 
-1017 
-1018 
-1020 
-1021 
-1022 
-1023 
-1023 
-1023 
-1023 
-1023 
-1023 
-1022 
-1021 
-1019 
-1018 
-1016 
-1014 
-1011 
-1009 
-1006 
-1003 
-999 
-995 
-992 
-987 
-983 
-978 
-973 
-968 
-963 
-957 
-951 
-945 
-939 
-932 
-925 
-918 
-911 
-903 
-895 
-887 
-879 
-871 
-862 
-853 
-844 
-835 
-825 
-815 
-805 
-795 
-785 
-774 
-763 
-752 
-741 
-730 
-718 
-707 
-695 
-683 
-670 
-658 
-645 
-632 
-620 
-606 
-593 
-580 
-566 
-553 
-539 
-525 
-511 
-497 
-482 
-468 
-453 
-438 
-424 
-409 
-394 
-379 
-363 
-348 
-333 
-317 
-302 
-286 
-270 
-254 
-239 
-223 
-207 
-191 
-175 
-158 
-142 
-126 
-110 
-94 
-77 
-61 
-45 
-28 
-12 
3 
20 
36 
52 
69 
85 
101 
117 
134 
150 
166 
182 
198 
214 
230 
246 
262 
277 
293 
309 
324 
340 
355 
370 
386 
401 
416 
430 
445 
460 
474 
489 
503 
517 
531 
545 
559 
573 
586 
599 
613 
626 
638 
651 
664 
676 
688 
700 
712 
724 
735 
746 
757 
768 
779 
789 
800 
810 
820 
829 
839 
848 
857 
866 
875 
883 
891 
899 
907 
914 
921 
928 
935 
942 
948 
954 
960 
965 
971 
976 
980 
985 
989 
993 
997 
1001 
1004 
1007 
1010 
1012 
1015 
1017 
1018 
1020 
1021 
1022 
1023 
1023 
1023 
1023 
1023 
1023 
1022 
1021 
1019 
1018 
1016 
1013 
1011 
1008 
1006 
1002 
999 
995 
991 
987 
983 
978 
973 
968 
962 
957 
951 
945 
938 
932 
925 
918 
910 
903 
895 
887 
878 
870 
861 
852 
843 
834 
824 
814 
804 
794 
784 
773 
762 
751 
740 
729 
717 
706 
694 
682 
669 
657 
644 
631 
619 
605 
592 
579 
565 
552 
538 
524 
510 
495 
481 
467 
452 
437 
422 
408 
393 
377 
362 
347 
331 
316 
300 
285 
269 
253 
237 
221 
205 
189 
173 
157 
141 
125 
109 
92 
76 
60 
43 
27 
11 
-5 
-21 
-37 
-54 
-70 
-86 
-102 
-119 
-135 
-151 
-167 
-183 
-199 
-215 
-231 
-247 
-263 
-279 
-294 
-310 
-325 
-341 
-356 
-372 
-387 
-402 
-417 
-432 
-446 
-461 
-476 
-490 
-504 
-518 
-532 
-546 
-560 
-574 
-587 
-600 
-614 
-627 
-639 
-652 
-665 
-677 
-689 
-701 
-713 
-724 
-736 
-747 
-758 
-769 
-780 
-790 
-801 
-811 
-820 
-830 
-840 
-849 
-858 
-867 
-875 
-884 
-892 
-900 
-907 
-915 
-922 
-929 
-936 
-942 
-948 
-954 
-960 
-966 
-971 
-976 
-981 
-985 
-990 
-994 
-998 
-1001 
-1004 
-1007 
-1010 
-1013 
-1015 
-1017 
-1019 
-1020 
-1021 
-1022 
-1023 
-1023 
-1023 
-1023 
-1023 
-1022 
-1022 
-1020 
-1019 
-1017 
-1015 
-1013 
-1011 
-1008 
-1005 
-1002 
-999 
-995 
-991 
-987 
-982 
-978 
-973 
-967 
-962 
-956 
-950 
-944 
-938 
-931 
-924 
-917 
-910 
-902 
-894 
-886 
-878 
-869 
-861 
-852 
-842 
-833 
-823 
-814 
-804 
-793 
-783 
-772 
-762 
-751 
-739 
-728 
-716 
-705 
-693 
-681 
-668 
-656 
-643 
-630 
-618 
-604 
-591 
-578 
-564 
-551 
-537 
-523 
-509 
-494 
-480 
-466 
-451 
-436 
-421 
-406 
-391 
-376 
-361 
-346 
-330 
-315 
-299 
-284 
-268 
-252 
-236 
-220 
-204 
-188 
-172 
-156 
-140 
-124 
-107 
-91 
-75 
-59 
-42 
-26 
-10 
6 
22 
38 
55 
71 
87 
104 
120 
136 
152 
168 
184 
201 
216 
232 
248 
264 
280 
296 
311 
327 
342 
357 
373 
388 
403 
418 
433 
448 
462 
477 
491 
505 
519 
533 
547 
561 
575 
588 
601 
615 
628 
640 
653 
665 
678 
690 
702 
714 
725 
737 
748 
759 
770 
781 
791 
801 
811 
821 
831 
840 
850 
859 
867 
876 
884 
892 
900 
908 
915 
922 
929 
936 
943 
949 
955 
961 
966 
971 
976 
981 
986 
990 
994 
998 
1001 
1005 
1008 
1010 
1013 
1015 
1017 
1019 
1020 
1021 
1022 
1023 
1023 
1023 
1023 
1023 
1022 
1021 
1020 
1019 
1017 
1015 
1013 
1011 
1008 
1005 
1002 
998 
995 
991 
986 
982 
977 
972 
967 
962 
956 
950 
944 
937 
930 
924 
916 
909 
901 
894 
885 
877 
869 
860 
851 
842 
832 
823 
813 
803 
793 
782 
772 
761 
750 
739 
727 
716 
704 
692 
680 
667 
655 
642 
629 
617 
603 
590 
577 
563 
549 
536 
522 
508 
493 
479 
464 
450 
435 
420 
405 
390 
375 
360 
344 
329 
314 
298 
282 
267 
251 
235 
219 
203 
187 
171 
155 
139 
122 
106 
90 
74 
57 
41 
25 
8 
-7 
-23 
-40 
-56 
-72 
-89 
-105 
-121 
-137 
-153 
-170 
-186 
-202 
-218 
-234 
-250 
-265 
-281 
-297 
-312 
-328 
-343 
-359 
-374 
-389 
-404 
-419 
-434 
-449 
-463 
-478 
-492 
-506 
-521 
-535 
-548 
-562 
-576 
-589 
-602 
-616 
-629 
-641 
-654 
-666 
-679 
-691 
-703 
-715 
-726 
-738 
-749 
-760 
-771 
-781 
-792 
-802 
-812 
-822 
-832 
-841 
-850 
-859 
-868 
-877 
-885 
-893 
-901 
-908 
-916 
-923 
-930 
-937 
-943 
-949 
-955 
-961 
-967 
-972 
-977 
-982 
-986 
-990 
-994 
-998 
-1002 
-1005 
-1008 
-1010 
-1013 
-1015 
-1017 
-1019 
-1020 
-1021 
-1022 
-1023 
-1023 
-1024 
-1023 
-1023 
-1022 
-1021 
-1020 
-1019 
-1017 
-1015 
-1013 
-1010 
-1008 
-1005 
-1002 
-998 
-994 
-990 
-986 
-982 
-977 
-972 
-967 
-961 
-955 
-949 
-943 
-937 
-930 
-923 
-916 
-908 
-901 
-893 
-885 
-877 
-868 
-859 
-850 
-841 
-832 
-822 
-812 
-802 
-792 
-781 
-771 
-760 
-749 
-738 
-726 
-715 
-703 
-691 
-679 
-666 
-654 
-641 
-629 
-616 
-602 
-589 
-576 
-562 
-548 
-535 
-521 
-506 
-492 
-478 
-463 
-449 
-434 
-419 
-404 
-389 
-374 
-359 
-343 
-328 
-312 
-297 
-281 
-265 
-250 
-234 
-218 
-202 
-186 
-170 
-153 
-137 
-121 
-105 
-89 
-72 
-56 
-40 
-23 
-7 
8 
25 
41 
57 
74 
90 
106 
122 
139 
155 
171 
187 
203 
219 
235 
251 
267 
282 
298 
314 
329 
344 
360 
375 
390 
405 
420 
435 
450 
464 
479 
493 
508 
522 
536 
549 
563 
577 
590 
603 
617 
629 
642 
655 
667 
680 
692 
704 
716 
727 
739 
750 
761 
772 
782 
793 
803 
813 
823 
832 
842 
851 
860 
869 
877 
885 
894 
901 
909 
916 
924 
930 
937 
944 
950 
956 
962 
967 
972 
977 
982 
986 
991 
995 
998 
1002 
1005 
1008 
1011 
1013 
1015 
1017 
1019 
1020 
1021 
1022 
1023 
1023 
1023 
1023 
1023 
1022 
1021 
1020 
1019 
1017 
1015 
1013 
1010 
1008 
1005 
1001 
998 
994 
990 
986 
981 
976 
971 
966 
961 
955 
949 
943 
936 
929 
922 
915 
908 
900 
892 
884 
876 
867 
859 
850 
840 
831 
821 
811 
801 
791 
781 
770 
759 
748 
737 
725 
714 
702 
690 
678 
665 
653 
640 
628 
615 
