-2134757348 
-2135217677 
-2136227086 
-2137784834 
-2139891093 
-2142544455 
-2145744696 
2145477006 
2141187246 
2136354521 
2130980852 
2125067112 
2118615591 
2111628077 
2104106433 
2096052798 
2087469928 
2078360159 
2068725952 
2058569854 
2047894608 
2036703655 
2024999359 
2012785437 
2000065708 
1986842926 
1973121165 
1958904026 
1944195223 
1928998617 
1913318796 
1897159819 
1880525916 
1863421382 
1845850662 
1827818970 
1809330909 
1790391291 
1771005620 
1751178890 
1730916203 
1710222809 
1689104020 
1667565856 
1645613915 
1623253783 
1600491838 
1577333287 
1553784670 
1529852643 
1505542720 
1480861702 
1455815975 
1430411821 
1404656448 
1378556346 
1352118230 
1325348788 
1298255483 
1270845189 
1243124902 
1215101631 
1186783197 
1158176688 
1129289455 
1100128843 
1070702795 
1041018795 
1011084378 
980907155 
950495343 
919856673 
888998930 
857930491 
826658589 
795191791 
763538635 
731706532 
699704068 
667539365 
635220577 
602755787 
570153851 
537422986 
504571404 
471608018 
438541138 
405378451 
372129536 
338802136 
305405274 
271946714 
238436116 
204881255 
171290580 
137673155 
104037392 
70391728 
36745232 
3105705 
-30517797 
-64116811 
-97682952 
-131207204 
-164681761 
-198097646 
-231446511 
-264720007 
-297909193 
-331006407 
-364002736 
-396889991 
-429659889 
-462303697 
-494813879 
-527181701 
-559399120 
-591458684 
-623351143 
-655069274 
-686605114 
-717950164 
-749096708 
-780037552 
-810764443 
-841269702 
-871545145 
-901583879 
-931377865 
-960920276 
-990203211 
-1019219403 
-1047961620 
-1076422808 
-1104595918 
-1132473921 
-1160049366 
-1187316062 
-1214267212 
-1240895569 
-1267194594 
-1293158372 
-1318779905 
-1344052902 
-1368971101 
-1393528347 
-1417718716 
-1441536149 
-1464974831 
-1488029008 
-1510692426 
-1532960141 
-1554826703 
-1576286767 
-1597334442 
-1617965241 
-1638174083 
-1657955434 
-1677305725 
-1696219601 
-1714691865 
-1732718635 
-1750295516 
-1767417677 
-1784081548 
-1800283138 
-1816018496 
-1831283854 
-1846074917 
-1860388787 
-1874221962 
-1887571193 
-1900433266 
-1912805130 
-1924684421 
-1936067731 
-1946952377 
-1957336381 
-1967216728 
-1976591679 
-1985458454 
-1993815636 
-2001661270 
-2008993551 
-2015810819 
-2022111547 
-2027894327 
-2033158454 
-2037902217 
-2042125152 
-2045826421 
-2049004634 
-2051659801 
-2053792037 
-2055400338 
-2056484461 
-2057045014 
-2057081935 
-2056594706 
-2055584384 
-2054051944 
-2051997284 
-2049421786 
-2046325582 
-2042710263 
-2038576941 
-2033926807 
-2028761752 
-2023082685 
-2016891811 
-2010190833 
-2002981624 
-1995266758 
-1987047726 
-1978327339 
-1969107962 
-1959392075 
-1949182301 
-1938481934 
-1927293856 
-1915621008 
-1903466490 
-1890833486 
-1877725961 
-1864147344 
-1850101195 
-1835591803 
-1820622365 
-1805197363 
-1789320862 
-1772996948 
-1756230486 
-1739025844 
-1721387447 
-1703319860 
-1684827793 
-1665916610 
-1646591168 
-1626856524 
-1606718307 
-1586181701 
-1565252020 
-1543934577 
-1522234953 
-1500159203 
-1477713068 
-1454902857 
-1431733856 
-1408212571 
-1384344986 
-1360137229 
-1335596113 
-1310727883 
-1285538842 
-1260035458 
-1234224818 
-1208112865 
-1181707502 
-1155014832 
-1128042212 
-1100796528 
-1073284749 
-1045513754 
-1017491288 
-989224393 
-960720300 
-931986806 
-903030591 
-873859565 
-844481133 
-814903365 
-785133721 
-755179664 
-725048867 
-694748887 
-664287977 
-633673853 
-602914210 
-572017438 
-540991328 
-509843685 
-478582330 
-447215187 
-415750763 
-384196936 
-352561669 
-320853535 
-289079830 
-257249205 
-225369672 
-193449193 
-161496395 
-129519333 
-97526008 
-65524434 
-33522627 
-1529222 
30447773 
62400326 
94320428 
126199516 
158030206 
189803943 
221512773 
253148772 
284703420 
316169476 
347538453 
378802533 
409953890 
440984194 
471886303 
502651896 
533273912 
563744146 
594054347 
624197683 
654166554 
683952984 
713549531 
742949434 
772144809 
801127813 
829891850 
858429772 
886733920 
914797906 
942614115 
970175717 
997475897 
1024507875 
1051264976 
1077740571 
1103927546 
1129820049 
1155411024 
1180694871 
1205664675 
1230314317 
1254638351 
1278630134 
1302283850 
1325593599 
1348553745 
1371158581 
1393402000 
1415279134 
1436784675 
1457913326 
1478659953 
1499018836 
1518985655 
1538555539 
1557723071 
1576484252 
1594835107 
1612769947 
1630285029 
1647376112 
1664038435 
1680268644 
1696062744 
1711416949 
1726326982 
1740789857 
1754802104 
1768360361 
1781461402 
1794102104 
1806279430 
1817990516 
1829232591 
1840003595 
1850300390 
1860120577 
1869462453 
1878323823 
1886702070 
1894595867 
1902003359 
1908922887 
1915352887 
1921291903 
1926738650 
1931692498 
1936151800 
1940116243 
1943584324 
1946556026 
1949030797 
1951008705 
1952488901 
1953471125 
1953955953 
1953943422 
1953433091 
1952426473 
1950923361 
1948924337 
1946430700 
1943442588 
1939961600 
1935988737 
1931525137 
1926572749 
1921132390 
1915206154 
1908795720 
1901902859 
1894530082 
1886678794 
1878351702 
1869551077 
1860279294 
1850539505 
1840333590 
1829664962 
1818536444 
1806950957 
1794912184 
1782423287 
1769486951 
1756107785 
1742288690 
1728033900 
1713346514 
1698231628 
1682692521 
1666733223 
1650358530 
1633572666 
1616379994 
1598785567 
1580793939 
1562409727 
1543637708 
1524483332 
1504950881 
1485046003 
1464774463 
1444140824 
1423150994 
1401810337 
1380124343 
1358099195 
1335740477 
1313053931 
1290045359 
1266721259 
1243087557 
1219150250 
1194915524 
1170390100 
1145580231 
1120492278 
1095132551 
1069508134 
1043625557 
1017491355 
991112209 
964495383 
937647656 
910575825 
883287334 
855788533 
828086946 
800190227 
772104812 
743838407 
715398124 
686791204 
658025435 
629108089 
600046460 
570847853 
541519642 
512069888 
482505950 
452835242 
423065917 
393205421 
363261276 
333240980 
303152130 
273002852 
242800706 
212553341 
182268269 
151953738 
121616731 
91265481 
60908162 
30551770 
204550 
-30125963 
-60432109 
-90706317 
-120941064 
-151128140 
-181260030 
-211329184 
-241328129 
-271248745 
-301084180 
-330826411 
-360467992 
-390001514 
-419419110 
-448713994 
-477878238 
-506905295 
-535787264 
-564516353 
-593086069 
-621489313 
-649718417 
-677766355 
-705626224 
-733291057 
-760754015 
-788008345 
-815047231 
-841863384 
-868450805 
-894802277 
-920911343 
-946771519 
-972376426 
-997719717 
-1022794562 
-1047595382 
-1072116072 
-1096349977 
-1120291762 
-1143934910 
-1167273627 
-1190302175 
-1213014871 
-1235406212 
-1257471305 
-1279203447 
-1300598002 
-1321649709 
-1342353452 
-1362704160 
-1382696857 
-1402326023 
-1421587535 
-1440476698 
-1458988306 
-1477118466 
-1494862789 
-1512216972 
-1529176795 
-1545738132 
-1561896409 
-1577648344 
-1592990101 
-1607918004 
-1622427877 
-1636516804 
-1650181482 
-1663418591 
-1676224972 
-1688597640 
-1700533571 
-1712029982 
-1723084133 
-1733693447 
-1743855424 
-1753568297 
-1762829174 
-1771636520 
-1779987685 
-1787881378 
-1795315736 
-1802289107 
-1808799926 
-1814846665 
-1820428047 
-1825542813 
-1830189869 
-1834368849 
-1838078857 
-1841318533 
-1844087861 
-1846386303 
-1848213457 
-1849569698 
-1850454137 
-1850867452 
-1850809646 
-1850280302 
-1849280927 
-1847811353 
-1845872116 
-1843464475 
-1840588635 
-1837246045 
-1833437737 
-1829165468 
-1824429837 
-1819232799 
-1813575246 
-1807459378 
-1800887481 
-1793860766 
-1786381763 
-1778451905 
-1770073947 
-1761250792 
-1751984142 
-1742277144 
-1732131758 
-1721551286 
-1710539173 
-1699097727 
-1687230551 
-1674940805 
-1662231677 
-1649106549 
-1635569421 
-1621623885 
-1607273541 
-1592522137 
-1577374120 
-1561833449 
-1545904154 
-1529590331 
-1512896874 
-1495827453 
-1478387094 
-1460580910 
-1442412909 
-1423888353 
-1405011998 
-1385788731 
-1366224084 
-1346323084 
-1326090834 
-1305532512 
-1284653990 
-1263460625 
-1241957817 
-1220151079 
-1198046552 
-1175649349 
-1152966321 
-1130002671 
-1106764883 
-1083258856 
-1059490550 
-1035466028 
-1011192010 
-986674675 
-961920213 
-936934944 
-911725839 
-886299219 
-860661570 
-834819985 
-808780993 
-782551215 
-756137232 
-729545744 
-702784127 
-675859093 
-648778068 
-621547271 
-594174162 
-566665674 
-539028701 
-511270860 
-483399110 
-455420461 
-427341950 
-399170673 
-370914296 
-342579944 
-314174711 
-285706348 
-257181393 
-228607608 
-199992182 
-171342884 
-142666286 
-113970161 
-85261710 
-56548114 
-27837168 
863932 
29548663 
58209176 
86837752 
115427827 
143971647 
172462094 
200892087 
229254521 
257541755 
285747278 
313863540 
341883459 
369800097 
397606537 
425295230 
452859256 
480292489 
507587398 
534736595 
561734057 
588572994 
615246188 
641747007 
668068918 
694205373 
720149910 
745896136 
771437664 
796767580 
821879640 
846768253 
871426631 
895848754 
920028550 
943960115 
967636916 
991053758 
1014204283 
1037083390 
1059684848 
1082003755 
1104033997 
1125770174 
1147206966 
1168339146 
1189161525 
1209669034 
1229856643 
1249719445 
1269252584 
1288451280 
1307310268 
1325825571 
1343992686 
1361807214 
1379264237 
1396360119 
1413090688 
1429451977 
1445439970 
1461050812 
1476280153 
1491124964 
1505581600 
1519646081 
1533315590 
1546586880 
1559456809 
1571922270 
1583980326 
1595628115 
1606862878 
1617681963 
1628082836 
1638063042 
1647620284 
1656752914 
1665458211 
1673734773 
1681580114 
1688992986 
1695971757 
1702514210 
1708619534 
1714286956 
1719514583 
1724301337 
1728646174 
1732548753 
1736008324 
1739023536 
1741594443 
1743720568 
1745401563 
1746637793 
1747428450 
1747774242 
1747675166 
1747130735 
1746142582 
1744710533 
1742835033 
1740517409 
1737757761 
1734557556 
1730917802 
1726840178 
1722325213 
1717374867 
1711990559 
1706173761 
1699926091 
1693249327 
1686145889 
1678617721 
1670666893 
1662295538 
1653505872 
1644300960 
1634683181 
1624655139 
1614219520 
1603379675 
1592137869 
1580497711 
1568462249 
1556035229 
1543219311 
1530018510 
1516436238 
1502476616 
1488142752 
1473438906 
1458368943 
1442937368 
1427147580 
1411004283 
1394511634 
1377673939 
1360496089 
1342982534 
1325137807 
1306966481 
1288473845 
1269664040 
1250543099 
1231115318 
1211386260 
1191360398 
1171043491 
1150441292 
1129558478 
1108401005 
1086974234 
1065284263 
1043336615 
1021136858 
998690657 
976003706 
953082396 
929932561 
906560040 
882971429 
859172035 
835168585 
810967673 
786574858 
761996956 
737240139 
712310675 
687215488 
661960886 
636553284 
610999013 
585305213 
559477715 
533523666 
507450195 
481263221 
454970011 
428577158 
402091255 
375519639 
348868937 
322145817 
295357042 
268509276 
241609932 
214665714 
187683358 
160669680 
133631999 
106577102 
79511736 
52442679 
25377306 
-1678229 
-28716573 
-55730934 
-82714002 
-109659621 
-136560506 
-163409918 
-190201196 
-216927675 
-243582664 
-270158937 
-296649863 
-323048909 
-349349478 
-375545035 
-401628462 
-427593295 
-453433745 
-479142715 
-504713259 
-530139685 
-555415674 
-580534342 
-605489486 
-630274982 
-654884681 
-679312472 
-703552348 
-727597720 
-751443300 
-775082524 
-798509653 
-821719474 
-844705658 
-867462588 
-889984078 
-912265125 
-934300331 
-956083681 
-977610412 
-998874674 
-1019871227 
-1040595568 
-1061041998 
-1081205552 
-1101081251 
-1120664292 
-1139949931 
-1158933404 
-1177610120 
-1195975551 
-1214024600 
-1231753512 
-1249157984 
-1266233813 
-1282976247 
-1299381855 
-1315446672 
-1331166184 
-1346537889 
-1361557417 
-1376220563 
-1390524426 
-1404465556 
-1418040018 
-1431245218 
-1444077953 
-1456535199 
-1468613997 
-1480310889 
-1491623679 
-1502549749 
-1513086508 
-1523231504 
-1532982948 
-1542337961 
-1551294361 
-1559850075 
-1568003758 
-1575752922 
-1583096388 
-1590032516 
-1596559119 
-1602675342 
-1608379835 
-1613671342 
-1618549317 
-1623012108 
-1627058756 
-1630689037 
-1633901612 
-1636696477 
-1639073064 
-1641030992 
-1642569932 
-1643690271 
-1644391294 
-1644673648 
-1644537352 
-1643982002 
-1643009229 
-1641618736 
-1639811075 
-1637587518 
-1634948130 
-1631894383 
-1628427231 
-1624548290 
-1620258082 
-1615558469 
-1610450789 
-1604936501 
-1599017134 
-1592694338 
-1585970493 
-1578847412 
-1571327065 
-1563411491 
-1555102816 
-1546403931 
-1537317130 
-1527844857 
-1517989631 
-1507754700 
-1497142765 
-1486156622 
-1474799201 
-1463073469 
-1450983132 
-1438531364 
-1425721402 
-1412556613 
-1399041012 
-1385178151 
-1370971633 
-1356425143 
-1341543064 
-1326329264 
-1310787668 
-1294922311 
-1278737875 
-1262237966 
-1245428025 
-1228311762 
-1210893593 
-1193178619 
-1175171370 
-1156877094 
-1138299844 
-1119445032 
-1100317421 
-1080922534 
-1061264740 
-1041349671 
-1021182368 
-1000768601 
-980113560 
-959222502 
-938100761 
-916753688 
-895187336 
-873407208 
-851418791 
-829228258 
-806840657 
-784262281 
-761499407 
-738557240 
-715442162 
-692160024 
-668716706 
-645118770 
-621372130 
-597482802 
-573456804 
-549300802 
-525020875 
-500623151 
-476113737 
-451499408 
-426785827 
-401980340 
-377088578 
-352116853 
-327071974 
-301960271 
-276788020 
-251562121 
-226288929 
-200974754 
-175625936 
-150248801 
-124850331 
-99436844 
-74014714 
-48590274 
-23169886 
2239511 
27631579 
52999948 
78338341 
103639816 
128898096 
154107472 
179260483 
204351457 
229374183 
254321808 
279188139 
303967026 
328652302 
353237866 
377716987 
402083611 
426332350 
450456517 
474449607 
498306290 
522020627 
545586157 
568997107 
592247637 
615332085 
638244717 
660979904 
683531426 
705894376 
728062601 
750030704 
771793231 
793344896 
814680396 
835794469 
856681951 
877337760 
897756183 
917932858 
937862246 
957539492 
976959780 
996118989 
1015011838 
1033633717 
1051980114 
1070046561 
1087828663 
1105322131 
1122522066 
1139424984 
1156026755 
1172323361 
1188310300 
1203984299 
1219341591 
1234377865 
1249090135 
1263475466 
1277529159 
1291248509 
1304630199 
1317670451 
1330366766 
1342716118 
1354715560 
1366361676 
1377652310 
1388584802 
1399156572 
1409365177 
1419208201 
1428683324 
1437788410 
1446521903 
1454881169 
1462864337 
1470470146 
1477696271 
1484541663 
1491004219 
1497083081 
1502776878 
1508084367 
1513004433 
1517535988 
1521678680 
1525431033 
1528792886 
1531763003 
1534341391 
1536527588 
1538321230 
1539722025 
1540730422 
1541345722 
1541568548 
1541399025 
1540836745 
1539883252 
1538538316 
1536802473 
1534676945 
1532162390 
1529259065 
1525969041 
1522292705 
1518231145 
1513786156 
1508959032 
1503751146 
1498163962 
1492199654 
1485859254 
1479145116 
1472059089 
1464603128 
1456779840 
1448590726 
1440038620 
1431125815 
1421855288 
1412228922 
1402249882 
1391920775 
1381244390 
1370224132 
1358862285 
1347162449 
1335127710 
1322761803 
1310067358 
1297048317 
1283708053 
1270050659 
1256079042 
1241797479 
1227209620 
1212319937 
1197131572 
1181649093 
1165876513 
1149818470 
1133478505 
1116861429 
1099971514 
1082813703 
1065391783 
1047710812 
1029775358 
1011590562 
993160523 
974490514 
955585264 
936450284 
917090387 
897510524 
877715694 
857710895 
837501845 
817093668 
796491542 
775701298 
754728215 
733577605 
712254789 
690765836 
669115503 
647309888 
625355148 
603256196 
581019199 
558649765 
536154162 
513537411 
490805847 
467965199 
445021801 
421980796 
398848623 
375631065 
352333912 
328963686 
305526202 
282027376 
258473049 
234869131 
211222148 
187538035 
163822667 
140082602 
116323155 
92550903 
68771728 
44992180 
21217581 
-2545520 
-26291223 
-50013589 
-73706721 
-97364169 
-120980619 
-144549578 
-168065184 
-191521033 
-214911897 
-238231374 
-261473652 
-284633016 
-307703691 
-330680012 
-353555624 
-376324924 
-398982904 
-421523296 
-443939961 
-466227987 
-488381260 
-510394910 
-532262950 
-553979975 
-575540635 
-596939620 
-618171714 
-639231037 
-660113028 
-680812026 
-701322887 
-721640618 
-741760249 
-761676826 
-781385492 
-800881450 
-820159330 
-839215005 
-858043253 
-876640092 
-895000358 
-913119648 
-930993470 
-948618140 
-965988788 
-983101155 
-999951144 
-1016534024 
-1032846437 
-1048884426 
-1064644128 
-1080121734 
-1095312911 
-1110214630 
-1124823320 
-1139134856 
-1153146376 
-1166854607 
-1180256213 
-1193348037 
-1206126900 
-1218589203 
-1230732600 
-1242554192 
-1254051171 
-1265220238 
-1276059383 
-1286566039 
-1296737749 
-1306572135 
-1316066922 
-1325219859 
-1334028869 
-1342491910 
-1350607026 
-1358372964 
-1365787367 
-1372848523 
-1379555479 
-1385906706 
-1391900204 
-1397535237 
-1402810561 
-1407725045 
-1412277631 
-1416467366 
-1420293976 
-1423756053 
-1426853547 
-1429585238 
-1431951226 
-1433951121 
-1435584537 
-1436851303 
-1437751854 
-1438285514 
-1438452976 
-1438254336 
-1437689204 
-1436759113 
-1435463851 
-1433803928 
-1431780530 
-1429394348 
-1426646126 
-1423536716 
-1420067109 
-1416238311 
-1412052063 
-1407509569 
-1402612125 
-1397361162 
-1391758722 
-1385805759 
-1379504557 
-1372856853 
-1365865048 
-1358530453 
-1350855662 
-1342842754 
-1334493870 
-1325811254 
-1316797877 
-1307455471 
-1297787163 
-1287796145 
-1277484429 
-1266855337 
-1255911675 
-1244656323 
-1233092237 
-1221223063 
-1209051901 
-1196581911 
-1183816340 
-1170759154 
-1157413695 
-1143783441 
-1129871958 
-1115683404 
-1101221468 
-1086489885 
-1071492458 
-1056233654 
-1040717397 
-1024947700 
-1008928574 
-992664769 
-976160434 
-959419803 
-942447173 
-925247474 
-907825093 
-890184494 
-872330763 
-854268467 
-836002193 
-817536575 
-798876312 
-780026793 
-760992773 
-741779074 
-722391192 
-702834033 
-683112528 
-663231702 
-643197154 
-623013970 
-602687251 
-582222105 
-561624303 
-540898493 
-520051033 
-499086629 
-478011136 
-456829233 
-435547482 
-414170635 
-392704616 
-371154252 
-349525565 
-327824559 
-306056078 
-284226181 
-262340339 
-240404615 
-218423897 
-196404296 
-174351289 
-152270392 
-130167121 
-108047605 
-85917332 
-63781850 
-41646631 
-19517821 
2599079 
24699190 
46775767 
68823973 
90838311 
112812721 
134741721 
156619899 
178441230 
200200929 
221892979 
243512004 
265052686 
286509684 
307877730 
329150910 
350323964 
371392341 
392349580 
413191137 
433911908 
454506170 
474969460 
495296135 
515481216 
535519725 
555406794 
575137525 
594706484 
614109479 
633341168 
652396821 
671271822 
689961560 
708461437 
726766970 
744873705 
762776611 
780471945 
797954814 
815221573 
832267429 
849088252 
865679949 
882038527 
898160044 
914040591 
929676314 
945063485 
960198380 
975077363 
989696850 
1004052732 
1018142174 
1031961814 
1045507729 
1058777330 
1071767403 
1084474861 
1096896703 
1109029973 
1120871772 
1132418710 
1143668683 
1154619046 
1165266597 
1175609471 
1185645216 
1195371508 
1204786089 
1213886740 
1222671389 
1231137985 
1239284598 
1247109368 
1254610501 
1261786313 
1268635780 
1275156771 
1281348413 
1287208729 
1292737052 
1297932158 
1302792951 
1307318377 
1311507479 
1315359383 
1318873315 
1322049183 
1324885747 
1327383082 
1329540758 
1331358379 
1332835670 
1333972482 
1334769260 
1335225373 
1335341568 
1335117885 
1334553952 
1333651351 
1332409829 
1330829893 
1328912710 
1326658930 
1324069245 
1321144534 
1317885669 
1314294239 
1310370699 
1306116803 
1301533784 
1296622950 
1291386302 
1285825295 
1279940889 
1273735922 
1267211470 
1260369355 
1253212051 
1245741482 
1237959674 
1229868724 
1221471404 
1212769964 
1203766716 
1194464070 
1184865077 
1174971714 
1164787182 
1154314155 
1143555994 
1132514946 
1121194492 
1109598195 
1097728461 
1085589002 
1073182358 
1060512991 
1047583555 
1034398007 
1020959159 
1007271704 
993338568 
979163953 
964751506 
950104927 
935227985 
920125110 
904800131 
889257056 
873499836 
857533062 
841360857 
824987324 
808417273 
791654907 
774704494 
757570338 
740256805 
722768938 
705111116 
687287853 
669304295 
651164946 
632874402 
614437334 
595858965 
577144014 
558297200 
539323267 
520227602 
501015028 
481690385 
462258522 
442724930 
423094515 
403372246 
383563057 
363672479 
343705574 
323667304 
303562681 
283397366 
263176384 
242904808 
222587674 
202230681 
181838287 
161416211 
140970146 
120504552 
100025165 
79537067 
59045352 
38555106 
18072046 
-2399367 
-22853423 
-43285047 
-63688565 
-84059546 
-104392311 
-124681862 
-144923141 
-165111158 
-185240331 
-205305667 
-225302261 
-245225140 
-265069406 
-284830185 
-304501948 
-324079897 
-343559854 
-362935753 
-382203483 
-401358312 
-420394919 
-439309279 
-458096089 
-476750817 
-495268861 
-513645695 
-531876225 
-549956601 
-567881828 
-585648137 
-603250543 
-620684827 
-637946690 
-655031999 
-671936549 
-688655661 
-705185888 
-721523204 
-737663065 
-753601584 
-769335498 
-784860391 
-800172532 
-815268242 
-830143881 
-844795868 
-859220721 
-873414945 
-887375139 
-901097960 
-914579527 
-927817234 
-940807929 
-953548490 
-966035325 
-978266062 
-990237764 
-1001947626 
-1013392891 
-1024570849 
-1035478243 
-1046113141 
-1056473047 
-1066554914 
-1076357058 
-1085877135 
-1095112940 
-1104062363 
-1112722697 
-1121092583 
-1129170088 
-1136953387 
-1144441295 
-1151631492 
-1158522378 
-1165112410 
-1171400694 
-1177385292 
-1183065421 
-1188439266 
-1193506269 
-1198265326 
-1202715433 
-1206855669 
-1210685145 
-1214203103 
-1217408858 
-1220302385 
-1222882494 
-1225149358 
-1227102577 
-1228741842 
-1230066908 
-1231077652 
-1231774546 
-1232157049 
-1232225840 
-1231980381 
-1231421569 
-1230550366 
-1229366461 
-1227870381 
-1226063277 
-1223945742 
-1221518500 
-1218782309 
-1215738049 
-1212387209 
-1208730209 
-1204768752 
-1200503947 
-1195937661 
-1191070583 
-1185904686 
-1180441442 
-1174682340 
-1168629005 
-1162283705 
-1155647555 
-1148722989 
-1141511896 
-1134016808 
-1126239170 
-1118181670 
-1109846440 
-1101235721 
-1092352416 
-1083198871 
-1073777530 
-1064090852 
-1054141393 
-1043932429 
-1033466578 
-1022746633 
-1011775969 
-1000556851 
-989092800 
-977386819 
-965442551 
-953262464 
-940850348 
-928209421 
-915343538 
-902255423 
-888949067 
-875428484 
-861696542 
-847757390 
-833614578 
-819271740 
-804732540 
-790001332 
-775081869 
-759977952 
-744694042 
-729234038 
-713601860 
-697801506 
-681836986 
-665712974 
-649433537 
-633003449 
-616426209 
-599706681 
-582849052 
-565858227 
-548737858 
-531492902 
-514127697 
-496647244 
-479055298 
-461356916 
-443556560 
-425659304 
-407669023 
-389590842 
-371429343 
-353189620 
-334875658 
-316492701 
-298045266 
-279538608 
-260976772 
-242364967 
-223707844 
-205010681 
-186277490 
-167513581 
-148723634 
-129912320 
-111084903 
-92245468 
-73399308 
-54551117 
-35706138 
-16868457 
1956675 
20764578 
39550589 
58309467 
77037169 
95728470 
114378776 
132983462 
151537924 
170037011 
188476165 
206851434 
225157111 
243389285 
261543496 
279614674 
297598385 
315490823 
333286415 
350981366 
368571378 
386051525 
403418156 
420666416 
437792094 
454791025 
471659076 
488391502 
504984894 
521434583 
537737166 
553888099 
569883444 
585719365 
601391993 
616897540 
632231685 
647391316 
662372165 
677171241 
691784367 
706208045 
720439397 
734474402 
748309729 
761942025 
775368063 
788584620 
801588552 
814376737 
826945541 
839292594 
851414972 
863309784 
874973617 
886404317 
897599202 
908555030 
919270422 
929742254 
939967473 
949944318 
959670424 
969142945 
978360322 
987320391 
996021080 
1004459775 
1012635192 
1020545412 
1028188672 
1035563216 
1042667390 
1049499565 
1056058832 
1062343138 
1068351070 
1074081306 
1079533225 
1084704991 
1089596156 
1094205638 
1098532466 
1102575733 
1106334604 
1109808331 
1112996230 
1115897681 
1118512732 
1120840303 
1122880609 
1124633319 
1126098155 
1127274952 
1128163560 
1128763972 
1129076801 
1129102129 
1128839542 
1128289858 
1127454013 
1126331734 
1124923528 
1123230487 
1121253224 
1118992399 
1116448733 
1113623024 
1110516760 
1107130890 
1103465805 
1099523818 
1095305433 
1090811906 
1086045092 
1081006326 
1075697051 
1070118749 
1064273562 
1058163095 
1051789031 
1045153091 
1038257107 
1031103550 
1023694342 
1016031453 
1008116979 
999952989 
991542297 
982887147 
973989808 
964853258 
955479898 
945871574 
936032062 
925963297 
915668529 
905150434 
894411764 
883455337 
872284574 
860902384 
849311736 
837515605 
825517665 
813321009 
800928770 
788344759 
775571591 
762613170 
749473368 
736154998 
722662081 
708998038 
695166368 
681171208 
667016108 
652704694 
638240603 
623627517 
608869740 
593971030 
578935757 
563767124 
548469572 
533046991 
517503842 
501843491 
486070458 
470188720 
454202915 
438117043 
421934514 
405660652 
389298901 
372853998 
356330052 
339731199 
323061595 
306326010 
289528667 
272673723 
255765380 
238808513 
221807310 
204766011 
187688889 
170580758 
153445889 
136288549 
119112982 
101923453 
84724833 
67521410 
50317422 
33117101 
15925345 
-1253636 
-18415573 
-35556229 
-52671379 
-69756200 
-86806491 
-103818041 
-120786687 
-137708223 
-154577901 
-171391603 
-188145780 
-204835729 
-221456743 
-238005398 
-254476995 
-270867527 
-287173627 
-303390068 
-319513513 
-335540041 
-351465128 
-367285514 
-382996744 
-398594997 
-414076495 
-429437469 
-444673605 
-459781803 
-474757813 
-489598015 
-504299449 
-518857964 
-533270027 
-547532178 
-561640375 
-575591862 
-589383266 
-603010661 
-616471410 
-629761673 
-642878266 
-655818101 
-668578633 
-681156252 
-693547979 
-705750844 
-717761968 
-729577890 
-741196435 
-752614853 
-763830447 
-774840578 
-785642045 
-796232935 
-806610754 
-816772463 
-826716311 
-836440575 
-845941772 
-855218315 
-864268052 
-873088277 
-881677581 
-890034005 
-898155602 
-906039924 
-913685808 
-921091502 
-928255322 
-935175675 
-941850999 
-948279819 
-954460702 
-960392287 
-966073866 
-971503597 
-976680305 
-981603451 
-986271433 
-990683841 
-994839765 
-998737735 
-1002377568 
-1005758544 
-1008880585 
-1011742493 
-1014343722 
-1016684424 
-1018763576 
-1020581450 
-1022137762 
-1023432332 
-1024464963 
-1025235628 
-1025744291 
-1025991593 
-1025977660 
-1025702070 
-1025165636 
-1024369307 
-1023312800 
-1021996589 
-1020421749 
-1018588881 
-1016498591 
-1014151530 
-1011548513 
-1008690941 
-1005579674 
-1002215666 
-998599896 
-994733448 
-990618048 
-986254265 
-981643958 
-976788437 
-971689666 
-966348452 
-960766901 
-954946543 
-948888987 
-942595898 
-936069593 
-929311820 
-922324423 
-915109297 
-907668950 
-900005386 
-892120639 
-884016828 
-875696094 
-867161233 
-858414536 
-849458282 
-840295425 
-830927767 
-821358365 
-811590326 
-801625612 
-791467384 
-781118297 
-770581058 
-759858366 
-748953631 
-737869665 
-726609331 
-715176112 
-703572373 
-691801681 
-679867691 
-667772813 
-655520801 
-643114731 
-630557820 
-617853856 
-605006073 
-592017773 
-578892204 
-565632755 
-552243398 
-538727507 
-525089111 
-511331065 
-497457466 
-483472402 
-469378797 
-455180815 
-440881426 
-426485458 
-411995910 
-397417033 
-382752497 
-368005964 
-353181146 
-338282370 
-323313337 
-308277832 
-293180179 
-278023554 
-262812346 
-247550347 
-232241976 
-216890422 
-201500118 
-186074888 
-170619173 
-155136194 
-139630401 
-124105638 
-108566356 
-93015783 
-77458383 
-61897993 
-46338457 
-30783601 
-15237876 
294896 
15810889 
31306274 
46777246 
62219416 
77628970 
93002129 
108335165 
123624299 
138865158 
154054663 
169188462 
184262852 
199273586 
214217597 
229090625 
243889065 
258609946 
273248453 
287801639 
302265986 
316637383 
330912946 
345088646 
359161009 
373126651 
386981623 
400723196 
414348035 
427852268 
441232642 
454485968 
467609640 
480599936 
493453107 
506166735 
518737759 
531162570 
543438837 
555563021 
567532852 
579344879 
590996313 
602484375 
613806374 
624959633 
635941515 
646749418 
657380834 
667833266 
678104252 
688191406 
698091737 
707803597 
717324672 
726652179 
735784572 
744719708 
753455551 
761990075 
770321319 
778446791 
786365218 
794074810 
801573823 
808859948 
815932152 
822788847 
829428496 
835849621 
842050804 
848030668 
853787922 
859321302 
864629595 
869711671 
874567042 
879194083 
883592411 
887760520 
891698141 
895403875 
898877587 
902118611 
905126295 
907900076 
910440036 
912745120 
914814951 
916649787 
918249352 
919613435 
920741845 
921634489 
922291346 
922712391 
922898337 
922849327 
922564868 
922045847 
921293195 
920306613 
919086545 
917634082 
915949741 
914034093 
911887819 
909512196 
906907384 
904074797 
901015305 
897729824 
894219348 
890485501 
886528770 
882350933 
877953750 
873337862 
868504608 
863455914 
858193193 
852717912 
847032176 
841136938 
835034414 
828726284 
822214829 
815501211 
808587848 
801476574 
794169306 
786668606 
778976443 
771094873 
763025967 
754771851 
746335326 
737718585 
728923896 
719954171 
710811122 
701497767 
692016514 
682370445 
672562044 
662593845 
652468418 
642188391 
631757030 
621176997 
610451050 
599582502 
588574149 
577428806 
566149332 
554739207 
543201343 
531538646 
519754100 
507851312 
495832693 
483702478 
471463169 
459118456 
446671447 
434125296 
421483166 
408748842 
395925532 
383016458 
370024861 
356954612 
343809004 
330591307 
317305451 
303954132 
290541304 
277070940 
263545745 
249969725 
236346257 
222678715 
208970514 
195225664 
181447549 
167639611 
153805251 
139948520 
126072828 
112181600 
98278275 
84366893 
70450259 
56532425 
42617415 
28708017 
14808263 
920960 
-12949885 
-26800240 
-40627343 
-54427211 
-68197059 
-81932927 
-95630872 
-109288151 
-122900842 
-136466233 
-149980421 
-163440120 
-176841463 
-190181819 
-203457313 
-216664778 
-229801616 
-242863419 
-255847669 
-268751226 
-281570360 
-294302624 
-306944319 
-319492420 
-331943910 
-344295201 
-356543967 
-368687260 
-380721581 
-392644063 
-404451869 
-416142189 
-427712233 
-439159266 
-450480582 
-461673465 
-472734705 
-483662254 
-494452954 
-505104272 
-515614291 
-525979944 
-536198808 
-546268462 
-556186592 
-565950836 
-575558968 
-585008733 
-594297937 
-603424437 
-612385508 
-621179699 
-629804989 
-638259365 
-646540322 
-654646554 
-662576197 
-670327476 
-677898611 
-685287882 
-692493030 
-699513029 
-706346301 
-712990736 
-719445452 
-725709013 
-731780037 
-737657194 
-743339196 
-748824204 
-754112251 
-759201593 
-764091143 
-768779869 
-773266776 
-777550932 
-781632070 
-785508735 
-789180769 
-792647404 
-795907380 
-798960680 
-801806718 
-804444983 
-806874970 
-809096283 
-811109157 
-812912640 
-814507093 
-815892273 
-817068022 
-818034219 
-818790814 
-819337800 
-819675194 
-819803739 
-819723671 
-819434178 
-818936512 
-818231460 
-817318706 
-816199304 
-814873084 
-813341134 
-811604034 
-809662364 
-807517393 
-805169189 
-802619121 
-799867979 
-796916586 
-793765869 
-790417360 
-786872055 
-783130995 
-779195247 
-775065954 
-770744898 
-766232691 
-761531224 
-756642404 
-751566985 
-746306971 
-740863807 
-735238984 
-729434041 
-723451175 
-717291981 
-710958140 
-704451337 
-697773321 
-690926501 
-683912674 
-676733717 
-669392135 
-661889862 
-654228867 
-646411172 
-638438839 
-630314542 
-622040433 
-613618651 
-605052004 
-596342097 
-587491799 
-578504014 
-569380453 
-560124069 
-550737278 
-541222447 
-531582673 
-521820394 
-511938123 
-501938369 
-491824313 
-481598509 
-471263567 
-460822112 
-450277429 
-439632148 
-428889002 
-418050710 
-407120595 
-396101421 
-384995962 
-373807031 
-362538035 
-351191815 
-339771234 
-328279743 
-316719603 
-305094342 
-293407459 
-281661263 
-269859268 
-258004428 
-246099714 
-234148053 
-222153051 
-210117673 
-198044900 
-185938331 
-173800960 
-161635171 
-149445185 
-137233395 
-125003440 
-112757702 
-100500428 
-88234006 
-75961459 
-63686417 
-51411870 
-39140828 
-26876899 
-14622459 
-2381115 
9844135 
22050318 
34233856 
46392390 
58522350 
70620810 
82684833 
94710878 
106696658 
118638655 
130534005 
142379813 
154172636 
165910248 
177589213 
189206735 
200760619 
212246866 
223663376 
235007396 
246275584 
257465287 
268574431 
279599771 
290538666 
301387921 
312145577 
322808486 
333374717 
343841178 
354205391 
364464899 
374617323 
384660265 
394591353 
404407673 
414107541 
423688666 
433148216 
442483991 
451694422 
460776758 
469728914 
478548801 
487234380 
495783692 
504194729 
512465572 
520594328 
528578546 
536417017 
544107959 
551649626 
559039691 
566277116 
573360258 
580286915 
587056775 
593667696 
600117606 
606405692 
612530549 
618490240 
624284063 
629910769 
635369114 
640657942 
645775501 
650721334 
655494362 
660093599 
664518083 
668766899 
672839765 
676735248 
680452574 
683991599 
687351023 
690530795 
693529709 
696347814 
698984586 
701439552 
703712282 
705802405 
707709586 
709434121 
710975174 
712333127 
713507837 
714498582 
715305916 
715930420 
716371483 
716629184 
716704273 
716596865 
716306526 
715834169 
715180656 
714345704 
713330325 
712134298 
710758724 
709204117 
707471025 
705560627 
703472966 
701209343 
698770473 
696157129 
693370723 
690411478 
687280893 
683979896 
680509465 
676870620 
673065002 
669093718 
664957889 
660658684 
656197309 
651575627 
646794913 
641856495 
636762336 
631513236 
626111213 
620557765 
614854372 
609003184 
603005780 
596863749 
590578738 
584152430 
577587136 
570884588 
564046583 
557075514 
549973195 
542741505 
535382320 
527897595 
520289842 
512561075 
504713876 
496749697 
488671187 
480480429 
472179538 
463771267 
455257757 
446641178 
437923746 
429108291 
420196443 
411191706 
402095752 
392911491 
383641260 
374287419 
364852295 
355338911 
345749645 
336086927 
326353788 
316552057 
306684792 
296754469 
286764194 
276716454 
266613730 
256458577 
246253506 
236001654 
225705582 
215367835 
204991590 
194579407 
184133852 
173657501 
163152957 
152623412 
142071445 
131499660 
120911251 
110308190 
99693697 
89070376 
78440811 
67808213 
57175176 
46544285 
35918129 
25299281 
14690926 
4095641 
-6484008 
-17045448 
-27585532 
-38102316 
-48592667 
-59054051 
-69483951 
-79879247 
-90238076 
-100557324 
-110834534 
-121067230 
-131252387 
-141388174 
-151471562 
-161500759 
-171472781 
-181384630 
-191234607 
-201020339 
-210738934 
-220388084 
-229966116 
-239470172 
-248897417 
-258246247 
-267514454 
-276699276 
-285799185 
-294811419 
-303733907 
-312564573 
-321301355 
-329942234 
-338485196 
-346927672 
-355268328 
-363504618 
-371635292 
-379657845 
-387570461 
-395371937 
-403059878 
-410632556 
-418088226 
-425425230 
-432641887 
-439735974 
-446706508 
-453551940 
-460270724 
-466861375 
-473321811 
-479651215 
-485848196 
-491910770 
-497838228 
-503629880 
-509283238 
-514797685 
-520172034 
-525404512 
-530494633 
-535441290 
-540243441 
-544899478 
-549409039 
-553771187 
-557985023 
-562049678 
-565964337 
-569728201 
-573340530 
-576800613 
-580108377 
-583262587 
-586262647 
-589108607 
-591799929 
-594335541 
-596715611 
-598939708 
-601007474 
-602918581 
-604672732 
-606269692 
-607709834 
-608992385 
-610117825 
-611085432 
-611895775 
-612548838 
-613045215 
-613384372 
-613566391 
-613592016 
-613461420 
-613174181 
-612731758 
-612133817 
-611380693 
-610473345 
-609411558 
-608196386 
-606828285 
-605307747 
-603635944 
-601812847 
-599839664 
-597717045 
-595445682 
-593026895 
-590460831 
-587748871 
-584891845 
-581890618 
-578746705 
-575460384 
-572033256 
-568466305 
-564760540 
-560917633 
-556938661 
-552824140 
-548576441 
-544196136 
-539685056 
-535043831 
-530274966 
-525379140 
-520357681 
-515212574 
-509945198 
-504556988 
-499049986 
-493425667 
-487685514 
-481831072 
-475864498 
-469786741 
-463600020 
-457306584 
-450907459 
-444404924 
-437800668 
-431096418 
-424294538 
-417396758 
-410404869 
-403320687 
-396146637 
-388884552 
-381536293 
-374103759 
-366589444 
-358995260 
-351323159 
-343575062 
-335753556 
-327860617 
-319898234 
-311868435 
-303773842 
-295616490 
-287398430 
-279122326 
-270789663 
-262403117 
-253965401 
-245478004 
-236943642 
-228364424 
-219742507 
-211080611 
-202380888 
-193645484 
-184876542 
-176076238 
-167247369 
-158392080 
-149512540 
-140611555 
-131691290 
-122753927 
-113801640 
-104836628 
-95861665 
-86878937 
-77890647 
-68898939 
-59906620 
-50915252 
-41927624 
-32946500 
-23973430 
-15011186 
-6061906 
2872244 
11789117 
20686589 
29561912 
38412991 
47237695 
56033939 
64799016 
73531467 
82228606 
90888375 
99508713 
108087020 
116621867 
125110621 
133551929 
141943182 
150281803 
158566472 
166795251 
174965606 
183075635 
191123478 
199107250 
207025104 
214875230 
222655791 
230364400 
237999886 
245559896 
253042713 
260446620 
267769931 
275010962 
282167480 
289238472 
296222335 
303116882 
309921182 
316633096 
323251126 
329773798 
336199646 
342527271 
348755871 
354882838 
360907449 
366828373 
372644326 
378354023 
383956226 
389449099 
394832101 
400104058 
405263243 
410309169 
415240756 
420056966 
424756786 
429339209 
433802702 
438146942 
442371027 
446474094 
450454717 
454312687 
458047263 
461657681 
465143243 
468503289 
471737142 
474844203 
477823881 
480675636 
483399564 
485994558 
488460169 
490796581 
493002789 
495079057 
497025041 
498840455 
500525033 
502078519 
503500737 
504791514 
505950715 
506978862 
507875873 
508641097 
509275140 
509778015 
510149788 
510391161 
510501605 
510481922 
510332263 
510052222 
509643257 
509105037 
508437856 
507642668 
506719237 
505668550 
504491035 
503187774 
501758625 
500204707 
498525970 
496723595 
494798782 
492751558 
490583189 
488293753 
485884578 
483357014 
480711214 
477948593 
475069371 
472075003 
468966976 
465745600 
462412404 
458968346 
455414389 
451751559 
447981484 
444105223 
440123855 
436038476 
431850821 
427562041 
423173309 
418685810 
414101390 
409420659 
404645493 
399777781 
394818219 
389768722 
384630625 
379405303 
374094734 
368700308 
363223438 
357665555 
352028719 
346314389 
340524038 
334659171 
328721897 
322713165 
316635702 
310490476 
304279669 
298004859 
291667628 
285269601 
278813008 
272299476 
265730642 
259108190 
252434384 
245710880 
238939374 
232122169 
225260950 
218357432 
211413323 
204430344 
197410864 
190356598 
183269901 
176151901 
169004958 
161830831 
154631275 
147408663 
140164744 
132901288 
125620056 
118322838 
111012004 
103689333 
96356590 
89016152 
81669176 
74318048 
66964545 
59611014 
52258617 
44909717 
37566062 
30229413 
22902113 
15585898 
8281883 
992437 
-6280125 
-13534690 
-20768939 
-27981183 
-35169736 
-42332898 
-49468418 
-56575214 
-63651046 
-70694236 
-77703170 
-84676224 
-91611174 
-98506421 
-105361006 
-112172707 
-118939364 
-125660064 
-132333242 
-138956791 
-145529188 
-152048957 
-158514608 
-164924691 
-171277758 
-177572370 
-183806507 
-189978794 
-196088443 
-202133481 
-208112579 
-214024409 
-219867667 
-225640462 
-231342135 
-236970836 
-242525930 
-248005605 
-253409293 
-258735200 
-263982185 
-269149114 
-274234891 
-279238430 
-284158675 
-288994576 
-293745113 
-298409287 
-302986110 
-307474030 
-311872728 
-316181300 
-320398861 
-324523954 
-328556352 
-332495212 
-336339787 
-340089280 
-343742944 
-347299472 
-350758778 
-354120172 
-357382430 
-360545535 
-363608907 
-366571974 
-369434177 
-372195012 
-374853987 
-377410636 
-379864508 
-382215190 
-384462299 
-386605479 
-388644986 
-390579906 
-392410552 
-394136068 
-395756798 
-397272548 
-398682518 
-399987179 
-401186986 
-402281214 
-403269795 
-404152665 
-404930390 
-405602969 
-406169797 
-406631532 
-406988249 
-407240033 
-407387613 
-407430508 
-407369521 
-407204814 
-406935974 
-406564475 
-406089974 
-405512743 
-404833717 
-404052618 
-403170404 
-402187478 
-401104845 
-399922307 
-398640937 
-397261213 
-395783609 
-394208653 
-392536898 
-390769509 
-388907075 
-386950210 
-384899525 
-382755669 
-380519940 
-378193007 
-375775593 
-373268437 
-370672893 
-367989125 
-365218540 
-362361947 
-359420764 
-356395241 
-353286862 
-350096506 
-346825660 
-343474654 
-340045015 
-336537709 
-332954302 
-329295187 
-325561967 
-321755642 
-317877282 
-313928517 
-309910402 
-305824023 
-301670473 
-297451460 
-293167499 
-288820928 
-284412280 
-279943311 
-275414596 
-270827922 
-266185079 
-261486672 
-256734524 
-251929842 
-247074486 
-242169688 
-237216681 
-232216737 
-227171126 
-222081737 
-216949855 
-211776766 
-206564383 
-201313395 
-196025747 
-190703336 
-185346879 
-179958331 
-174539009 
-169090254 
-163614023 
-158111647 
-152584477 
-147033851 
-141461752 
-135868926 
-130257348 
-124628980 
-118984567 
-113326091 
-107654917 
-101972402 
-96280529 
-90580640 
-84874088 
-79162245 
-73446456 
-67728716 
-62010355 
-56292726 
-50577190 
-44865686 
-39159547 
-33460107 
-27768701 
-22087260 
-16416488 
-10758314 
-5114061 
514384 
6126307 
11719830 
17293670 
22846557 
28377222 
33884398 
39366225 
44821460 
50248885 
55647268 
61015384 
66351430 
71654216 
76923171 
82156507 
87352451 
92510474 
97629448 
102707622 
107743886 
112737170 
117686362 
122590383 
127448182 
132258092 
137019712 
141731374 
146392105 
151001510 
155557997 
160060602 
164507791 
168899213 
173233960 
177510540 
181728664 
185886867 
189984277 
194020677 
197994634 
201905353 
205752035 
209533917 
213250249 
216900297 
220483336 
223998679 
227445019 
230822311 
234129905 
237367177 
240532908 
243627120 
246649239 
249598084 
252474364 
255276919 
258004646 
260657685 
263235553 
265737205 
268162844 
270512043 
272784434 
274979647 
277096722 
279135943 
281097019 
282979653 
284783588 
286509167 
288155546 
289722510 
291209875 
292618072 
293946336 
295195147 
296364372 
297453316 
298462517 
299391912 
300241467 
301011763 
301702195 
302312770 
302844135 
303295737 
303668255 
303961783 
304176437 
304312339 
304370233 
304349682 
304251481 
304075807 
303822272 
303492332 
303085612 
302602401 
302043592 
301408872 
300699194 
299915490 
299057505 
298125603 
297120782 
296043446 
294894019 
293672932 
292380636 
291018213 
289586139 
288084917 
286515062 
284877095 
283172181 
281400856 
279563695 
277661283 
275694829 
273664935 
271572227 
269417343 
267200939 
264924277 
262588033 
260192896 
257739556 
255229326 
252662932 
250041105 
247364593 
244634763 
241852376 
239018195 
236133027 
233198259 
230214095 
227182562 
224103855 
220978823 
217808924 
214594990 
211338492 
208039672 
204700026 
201320412 
197902326 
194446052 
190953102 
187424368 
183861364 
180264992 
176636172 
172975831 
169284894 
165564917 
161816835 
158041574 
154240687 
150414509 
146564609 
142692531 
138798635 
134884476 
130951010 
126999197 
123030617 
119046223 
115046982 
111033860 
107008423 
102971629 
98924436 
94867803 
90803300 
86731301 
82653966 
78571635 
74485288 
70396462 
66306128 
62215232 
58125313 
54037314 
49952169 
45870815 
41794181 
37723804 
33660593 
29605467 
25559349 
21523135 
17498339 
13485855 
9486581 
5501394 
1531779 
-2421398 
-6357865 
-10275566 
-14174249 
-18053073 
-21910581 
-25745954 
-29558379 
-33347035 
-37111126 
-40849244 
-44560596 
-48245034 
-51901160 
-55527622 
-59124285 
-62690394 
-66224605 
-69726210 
-73194499 
-76628773 
-80028346 
-83392550 
-86720087 
-90010930 
-93263813 
-96478112 
-99653189 
-102788456 
-105883302 
-108937128 
-111949357 
-114919426 
-117846162 
-120729647 
-123568735 
-126362913 
-129111681 
-131815147 
-134472227 
-137082447 
-139645351 
-142160499 
-144627465 
-147045831 
-149414577 
-151733945 
-154003544 
-156223005 
-158391390 
-160508958 
-162575386 
-164589762 
-166552385 
-168463581 
-170321845 
-172127537 
-173880402 
-175579610 
-177225544 
-178817995 
-180356760 
-181841076 
-183271380 
-184647522 
-185969357 
-187236770 
-188449642 
-189607874 
-190711389 
-191760710 
-192755158 
-193694714 
-194579925 
-195410172 
-196186049 
-196906963 
-197573537 
-198185791 
-198743774 
-199247542 
-199697163 
-200093322 
-200435500 
-200724402 
-200959546 
-201141667 
-201270910 
-201347419 
-201371356 
-201343507 
-201263446 
-201131975 
-200949304 
-200715035 
-200430606 
-200095649 
-199710426 
-199275799 
-198792042 
-198258840 
-197677690 
-197048287 
-196370941 
-195646597 
-194875590 
-194058251 
-193194940 
-192286623 
-191333055 
-190335224 
-189293505 
-188208317 
-187080649 
-185910313 
-184698333 
-183445151 
-182151793 
-180818101 
-179445127 
-178033321 
-176583161 
-175095719 
-173570857 
-172009675 
-170412664 
-168780913 
-167114329 
-165414033 
-163680518 
-161914914 
-160117139 
-158288328 
-156429001 
-154540325 
-152622215 
-150675825 
-148701710 
-146701009 
-144673689 
-142620917 
-140543253 
-138441868 
-136316719 
-134168992 
-131999260 
-129808696 
-127597281 
-125366188 
-123116006 
-120847923 
-118562516 
-116260367 
-113942068 
-111608202 
-109259967 
-106897938 
-104522712 
-102135492 
-99736853 
-97327376 
-94907646 
-92478859 
-90040982 
-87595218 
-85142754 
-82683565 
-80218827 
-77749114 
-75275606 
-72798265 
-70318281 
-67836218 
-65353241 
-62869302 
-60385567 
-57902583 
-55420902 
-52941687 
-50465478 
-47992820 
-45524243 
-43060271 
-40602049 
-38150102 
-35704942 
-33267695 
-30838254 
-28417734 
-26006629 
-23606047 
-21215858 
-18837166 
-16470431 
-14116136 
-11774740 
-9447301 
-7133675 
-4834929 
-2551497 
-284415 
1966495 
4200212 
6416311 
8614391 
10794042 
12954880 
15095904 
17216751 
19317650 
21397605 
23455669 
25492097 
27505941 
29497477 
31465775 
33410521 
35331395 
37228082 
39100301 
40947145 
42768945 
44564831 
46334532 
48077792 
49794372 
51484018 
53146508 
54781620 
56388536 
57967647 
59518151 
61040466 
62533801 
63997990 
65432860 
66838870 
68215249 
69561857 
70878564 
72164635 
73420583 
74646282 
75841639 
77006561 
78140353 
79243566 
80316124 
81357362 
82367831 
83347485 
84296295 
85214232 
86101259 
86956767 
87781372 
88575057 
89337831 
90069123 
90769565 
91439187 
92078032 
92686144 
93263580 
93810400 
94326684 
94812506 
95267948 
95693707 
96089281 
96454765 
96790895 
97097762 
97374901 
97623048 
97842328 
98032886 
98194870 
98328434 
98434345 
98512154 
98562660 
98585421 
98581232 
98550275 
98492735 
98408825 
98299343 
98163885 
98003281 
97817733 
97606843 
97372058 
97112988 
96829868 
96523548 
96194266 
95842256 
95467763 
95071053 
94652377 
94212607 
93751992 
93270792 
92769282 
92248331 
91707604 
91147990 
90569749 
89973769 
89359721 
88728490 
88080348 
87415585 
86734489 
86037952 
85325648 
84598482 
83857350 
83101934 
82333123 
81551213 
80756490 
79949258 
79130416 
78300253 
77459041 
76607082 
75745281 
74873913 
73993260 
73103631 
72205899 
71300352 
70387280 
69466957 
68540285 
67607537 
66668991 
65724928 
64776220 
63823146 
62865971 
61904963 
60940997 
59974325 
59005212 
58034515 
57062485 
56089369 
55115406 
54140852 
53166556 
52192754 
51219680 
50248168 
49278431 
48310703 
47345194 
46382728 
45423505 
44467746 
43515636 
42567986 
41624397 
40686262 
39753158 
38825874 
37903974 
36988834 
36080012 
35178279 
34283173 
33395474 
32515929 
31644057 
30780611 
29925717 
29080101 
28243277 
27415960 
26598255 
25790262 
24992089 
24204429 
23427361 
22660970 
21905334 
21161125 
20428400 
19706613 
18997041 
18299113 
17612873 
16938970 
16277439 
15628297 
14992167 
14368456 
13757771 
13160124 
12575506 
12003899 
11445296 
10900282 
10368824 
9850288 
9345847 
8854837 
8377216 
7913538 
7463144 
7026577 
6603763 
6194631 
5799090 
5417055 
5049039 
4694340 
4353472 
4026322 
3712772 
3412707 
3126014 
2852558 
2592227 
2345490 
2111587 
1890988 
1682931 
1487872 
1305652 
1136110 
979087 
834408 
701896 
581377 
472674 
375596 
289967 
215595 
152891 
101047 
59856 
29728 
9840 
0 
